x y z l isd potential
     15.0000000000000        -86.0000000000000         66.0000000000000         4.00000000000000    8     0.386099191388706    
     15.0000000000000        -85.0000000000000         66.0000000000000         5.00000000000000    8     0.386769190964706    
     15.0000000000000        -84.0000000000000         66.0000000000000         6.00000000000000    8     0.386333771550604    
     15.0000000000000        -83.0000000000000         66.0000000000000         7.00000000000000    8     0.384607528927760    
     15.0000000000000        -82.0000000000000         66.0000000000000         8.00000000000000    8     0.381500786163540    
     15.0000000000000        -81.0000000000000         66.0000000000000         9.00000000000000    8     0.376989886533494    
     15.0000000000000        -80.0000000000000         66.0000000000000         10.0000000000000    8     0.371101423628844    
     15.0000000000000        -79.0000000000000         66.0000000000000         11.0000000000000    8     0.363892540689422    
     15.0000000000000        -78.0000000000000         66.0000000000000         12.0000000000000    8     0.355419074374044    
     15.0000000000000        -77.0000000000000         66.0000000000000         13.0000000000000    8     0.346158603195955    
     15.0000000000000        -76.0000000000000         66.0000000000000         14.0000000000000    9     0.340194343920946    
     15.0000000000000        -75.0000000000000         66.0000000000000         15.0000000000000    9     0.334608876541648    
     15.0000000000000        -74.0000000000000         66.0000000000000         16.0000000000000    9     0.328439917960093    
     15.0000000000000        -73.0000000000000         66.0000000000000         17.0000000000000    9     0.321779268591493    
     15.0000000000000        -72.0000000000000         66.0000000000000         18.0000000000000    9     0.314664110606771    
     15.0000000000000        -71.0000000000000         66.0000000000000         19.0000000000000    9     0.307085984392406    
     15.0000000000000        -70.0000000000000         66.0000000000000         20.0000000000000    5     0.299969557936476    
     15.0000000000000        -69.0000000000000         66.0000000000000         21.0000000000000    5     0.298998335371410    
     15.0000000000000        -68.0000000000000         66.0000000000000         22.0000000000000    5     0.298244642053395    
     15.0000000000000        -67.0000000000000         66.0000000000000         23.0000000000000    5     0.297704078845126    
     15.0000000000000        -66.0000000000000         66.0000000000000         24.0000000000000    4     0.297195038024606    
     15.0000000000000        -65.0000000000000         66.0000000000000         25.0000000000000    4     0.290691969722935    
     15.0000000000000        -64.0000000000000         66.0000000000000         26.0000000000000    4     0.284227597538742    
     15.0000000000000        -63.0000000000000         66.0000000000000         27.0000000000000    4     0.277781306178012    
     15.0000000000000        -62.0000000000000         66.0000000000000         28.0000000000000    4     0.271349773503013    
     15.0000000000000        -61.0000000000000         66.0000000000000         29.0000000000000    4     0.264932393416264    
     15.0000000000000        -60.0000000000000         66.0000000000000         30.0000000000000    4     0.258530636984944    
     15.0000000000000        -59.0000000000000         66.0000000000000         31.0000000000000    4     0.252147014056527    
     15.0000000000000        -58.0000000000000         66.0000000000000         32.0000000000000    4     0.245784542884895    
     15.0000000000000        -57.0000000000000         66.0000000000000         33.0000000000000    4     0.239446525396226    
     15.0000000000000        -56.0000000000000         66.0000000000000         34.0000000000000    4     0.233136454210195    
     15.0000000000000        -55.0000000000000         66.0000000000000         35.0000000000000    4     0.226857971251452    
     15.0000000000000        -54.0000000000000         66.0000000000000         36.0000000000000    4     0.220614845529948    
     15.0000000000000        -53.0000000000000         66.0000000000000         37.0000000000000    4     0.214410955059302    
     15.0000000000000        -52.0000000000000         66.0000000000000         38.0000000000000    4     0.208250261854160    
     15.0000000000000        -51.0000000000000         66.0000000000000         39.0000000000000    4     0.202136768715571    
     15.0000000000000        -50.0000000000000         66.0000000000000         40.0000000000000    4     0.196074447283339    
     15.0000000000000        -49.0000000000000         66.0000000000000         41.0000000000000    4     0.190067131976089    
     15.0000000000000        -48.0000000000000         66.0000000000000         42.0000000000000    4     0.184118385058341    
     15.0000000000000        -47.0000000000000         66.0000000000000         43.0000000000000    4     0.178231351216428    
     15.0000000000000        -46.0000000000000         66.0000000000000         44.0000000000000    4     0.172408629268984    
     15.0000000000000        -45.0000000000000         66.0000000000000         45.0000000000000    4     0.166652190625118    
     15.0000000000000        -44.0000000000000         66.0000000000000         46.0000000000000    4     0.160963372730346    
     15.0000000000000        -43.0000000000000         66.0000000000000         47.0000000000000    4     0.155342967407447    
     15.0000000000000        -42.0000000000000         66.0000000000000         48.0000000000000    4     0.149791386879351    
     15.0000000000000        -41.0000000000000         66.0000000000000         49.0000000000000    4     0.144308830502788    
     15.0000000000000        -40.0000000000000         66.0000000000000         50.0000000000000    4     0.138895367633816    
     15.0000000000000        -39.0000000000000         66.0000000000000         51.0000000000000    4     0.133550942426317    
     15.0000000000000        -38.0000000000000         66.0000000000000         52.0000000000000    4     0.128275391145143    
     15.0000000000000        -37.0000000000000         66.0000000000000         53.0000000000000    4     0.123068511370082    
     15.0000000000000        -36.0000000000000         66.0000000000000         54.0000000000000    4     0.117930088008802    
     15.0000000000000        -35.0000000000000         66.0000000000000         55.0000000000000    4     0.112859699379483    
     15.0000000000000        -34.0000000000000         66.0000000000000         56.0000000000000    4     0.107856266991282    
     15.0000000000000        -33.0000000000000         66.0000000000000         57.0000000000000    4     0.102917785774583    
     15.0000000000000        -32.0000000000000         66.0000000000000         58.0000000000000    4     0.980417330753771E-01
     15.0000000000000        -31.0000000000000         66.0000000000000         59.0000000000000    4     0.932256807947107E-01
     15.0000000000000        -30.0000000000000         66.0000000000000         60.0000000000000    4     0.884662824810130E-01
     15.0000000000000        -29.0000000000000         66.0000000000000         61.0000000000000    4     0.837566654224622E-01
     15.0000000000000        -28.0000000000000         66.0000000000000         62.0000000000000    2     0.791563407216044E-01
     15.0000000000000        -27.0000000000000         66.0000000000000         63.0000000000000    2     0.748251526661307E-01
     15.0000000000000        -26.0000000000000         66.0000000000000         64.0000000000000    2     0.705848863529851E-01
     15.0000000000000        -25.0000000000000         66.0000000000000         65.0000000000000    2     0.664104809548874E-01
     15.0000000000000        -24.0000000000000         66.0000000000000         66.0000000000000    2     0.622971255066928E-01
     15.0000000000000        -23.0000000000000         66.0000000000000         67.0000000000000    2     0.582440116593076E-01
     15.0000000000000        -22.0000000000000         66.0000000000000         68.0000000000000    2     0.542506839962929E-01
     15.0000000000000        -21.0000000000000         66.0000000000000         69.0000000000000    2     0.503173004644069E-01
     15.0000000000000        -20.0000000000000         66.0000000000000         70.0000000000000    2     0.464455703576727E-01
     15.0000000000000        -19.0000000000000         66.0000000000000         71.0000000000000    2     0.426439961990083E-01
     15.0000000000000        -18.0000000000000         66.0000000000000         72.0000000000000    4     0.387658511166376E-01
     15.0000000000000        -17.0000000000000         66.0000000000000         73.0000000000000    4     0.347445994611832E-01
     15.0000000000000        -16.0000000000000         66.0000000000000         74.0000000000000    4     0.307373589879930E-01
     15.0000000000000        -15.0000000000000         66.0000000000000         75.0000000000000    4     0.267498528498766E-01
     15.0000000000000        -14.0000000000000         66.0000000000000         76.0000000000000    4     0.227823319792324E-01
     15.0000000000000        -13.0000000000000         66.0000000000000         77.0000000000000    4     0.188330542234539E-01
     15.0000000000000        -12.0000000000000         66.0000000000000         78.0000000000000    4     0.149023191085922E-01
     15.0000000000000        -11.0000000000000         66.0000000000000         79.0000000000000    4     0.110002852086412E-01
     15.0000000000000        -10.0000000000000         66.0000000000000         80.0000000000000    4     0.715772374530987E-02
     15.0000000000000        -9.00000000000000         66.0000000000000         81.0000000000000    4     0.341952927694082E-02
     15.0000000000000        -8.00000000000000         66.0000000000000         82.0000000000000    4    -0.193124096244880E-03
     15.0000000000000        -7.00000000000000         66.0000000000000         83.0000000000000    3    -0.266069070693904E-02
     15.0000000000000        -6.00000000000000         66.0000000000000         84.0000000000000    3    -0.448242316369562E-02
     15.0000000000000        -5.00000000000000         66.0000000000000         85.0000000000000    3    -0.633193800343406E-02
     15.0000000000000        -4.00000000000000         66.0000000000000         86.0000000000000    3    -0.816652648927888E-02
     15.0000000000000        -3.00000000000000         66.0000000000000         87.0000000000000    3    -0.100032110436627E-01
     15.0000000000000        -2.00000000000000         66.0000000000000         88.0000000000000    3    -0.118804555271800E-01
     15.0000000000000         0.00000000000000         66.0000000000000         90.0000000000000    4    -0.155968259335380E-01
     15.0000000000000         1.00000000000000         66.0000000000000         91.0000000000000    4    -0.172474505918813E-01
     15.0000000000000         2.00000000000000         66.0000000000000         92.0000000000000    4    -0.188051487114341E-01
     15.0000000000000         3.00000000000000         66.0000000000000         93.0000000000000    4    -0.204144458901806E-01
     15.0000000000000         4.00000000000000         66.0000000000000         94.0000000000000    4    -0.219512459994315E-01
     15.0000000000000         5.00000000000000         66.0000000000000         95.0000000000000    4    -0.234358555999571E-01
     15.0000000000000         6.00000000000000         66.0000000000000         96.0000000000000    4    -0.248503819283692E-01
     15.0000000000000         7.00000000000000         66.0000000000000         97.0000000000000    3    -0.262701337502619E-01
     15.0000000000000         8.00000000000000         66.0000000000000         98.0000000000000    4    -0.276295542723532E-01
     15.0000000000000         9.00000000000000         66.0000000000000         99.0000000000000    4    -0.290195951683431E-01
     15.0000000000000         10.0000000000000         66.0000000000000         100.000000000000    4    -0.304903954738823E-01
     15.0000000000000         11.0000000000000         66.0000000000000         101.000000000000    4    -0.319783685763065E-01
     15.0000000000000         12.0000000000000         66.0000000000000         102.000000000000    4    -0.334689134312820E-01
     15.0000000000000         13.0000000000000         66.0000000000000         103.000000000000    4    -0.349731972519829E-01
     15.0000000000000         14.0000000000000         66.0000000000000         104.000000000000    4    -0.364309386386670E-01
     15.0000000000000         15.0000000000000         66.0000000000000         105.000000000000    4    -0.378836038453847E-01
     15.0000000000000         16.0000000000000         66.0000000000000         106.000000000000    4    -0.393601076148388E-01
     15.0000000000000         17.0000000000000         66.0000000000000         107.000000000000    3    -0.406904307616781E-01
     15.0000000000000         18.0000000000000         66.0000000000000         108.000000000000    3    -0.417838310682205E-01
     15.0000000000000         19.0000000000000         66.0000000000000         109.000000000000    3    -0.428383701315774E-01
     15.0000000000000         20.0000000000000         66.0000000000000         110.000000000000    3    -0.438130776890098E-01
     15.0000000000000         21.0000000000000         66.0000000000000         111.000000000000    3    -0.446687079014677E-01
     15.0000000000000         22.0000000000000         66.0000000000000         112.000000000000    3    -0.454008110797004E-01
     15.0000000000000         23.0000000000000         66.0000000000000         113.000000000000    3    -0.460428952671016E-01
     15.0000000000000         24.0000000000000         66.0000000000000         114.000000000000    3    -0.466132802695690E-01
     15.0000000000000         25.0000000000000         66.0000000000000         115.000000000000    3    -0.471218532232950E-01
     15.0000000000000         26.0000000000000         66.0000000000000         116.000000000000    3    -0.475778476956971E-01
     15.0000000000000         27.0000000000000         66.0000000000000         117.000000000000    3    -0.479739316201319E-01
     15.0000000000000         28.0000000000000         66.0000000000000         118.000000000000    3    -0.482957091071585E-01
     15.0000000000000         29.0000000000000         66.0000000000000         119.000000000000    4    -0.491818274609264E-01
     15.0000000000000         30.0000000000000         66.0000000000000         120.000000000000    4    -0.500955060777604E-01
     15.0000000000000         31.0000000000000         66.0000000000000         121.000000000000    4    -0.509600154721645E-01
     15.0000000000000         32.0000000000000         66.0000000000000         122.000000000000    4    -0.517788246486740E-01
     15.0000000000000         33.0000000000000         66.0000000000000         123.000000000000    4    -0.525648361346641E-01
     15.0000000000000         34.0000000000000         66.0000000000000         124.000000000000    4    -0.533283866906195E-01
     15.0000000000000         35.0000000000000         66.0000000000000         125.000000000000    4    -0.540939445587988E-01
     15.0000000000000         36.0000000000000         66.0000000000000         126.000000000000    4    -0.548732458067391E-01
     15.0000000000000         37.0000000000000         66.0000000000000         127.000000000000    4    -0.556362493177735E-01
     15.0000000000000         38.0000000000000         66.0000000000000         128.000000000000    2    -0.563357206417530E-01
     15.0000000000000         39.0000000000000         66.0000000000000         129.000000000000    2    -0.570318097191227E-01
     15.0000000000000         40.0000000000000         66.0000000000000         130.000000000000    4    -0.575658899255522E-01
     15.0000000000000         41.0000000000000         66.0000000000000         131.000000000000    4    -0.582780318344569E-01
     15.0000000000000         42.0000000000000         66.0000000000000         132.000000000000    4    -0.588314330044709E-01
     15.0000000000000         43.0000000000000         66.0000000000000         133.000000000000    4    -0.593421844450671E-01
     15.0000000000000         44.0000000000000         66.0000000000000         134.000000000000    4    -0.598259257659760E-01
     15.0000000000000         45.0000000000000         66.0000000000000         135.000000000000    4    -0.602816149261440E-01
     15.0000000000000         46.0000000000000         66.0000000000000         136.000000000000    4    -0.607060020506070E-01
     15.0000000000000         47.0000000000000         66.0000000000000         137.000000000000    4    -0.610973039750551E-01
     15.0000000000000         48.0000000000000         66.0000000000000         138.000000000000    4    -0.614566722863974E-01
     15.0000000000000         49.0000000000000         66.0000000000000         139.000000000000    4    -0.617865331316259E-01
     15.0000000000000         50.0000000000000         66.0000000000000         140.000000000000    4    -0.620891356012671E-01
     15.0000000000000         51.0000000000000         66.0000000000000         141.000000000000    4    -0.623664755744317E-01
     15.0000000000000         52.0000000000000         66.0000000000000         142.000000000000    4    -0.626205207362648E-01
     15.0000000000000         53.0000000000000         66.0000000000000         143.000000000000    4    -0.628531751964215E-01
     15.0000000000000         54.0000000000000         66.0000000000000         144.000000000000    4    -0.630661757237690E-01
     15.0000000000000         55.0000000000000         66.0000000000000         145.000000000000    4    -0.632611292055212E-01
     15.0000000000000         56.0000000000000         66.0000000000000         146.000000000000    4    -0.634395829726136E-01
     15.0000000000000         57.0000000000000         66.0000000000000         147.000000000000    4    -0.636030066545473E-01
     15.0000000000000         58.0000000000000         66.0000000000000         148.000000000000    4    -0.637527377132382E-01
     15.0000000000000         59.0000000000000         66.0000000000000         149.000000000000    4    -0.638899771183332E-01
     15.0000000000000         60.0000000000000         66.0000000000000         150.000000000000    4    -0.640158281722548E-01
     15.0000000000000         61.0000000000000         66.0000000000000         151.000000000000    4    -0.641313282234595E-01
     15.0000000000000         62.0000000000000         66.0000000000000         152.000000000000    4    -0.642374566663560E-01
     15.0000000000000         63.0000000000000         66.0000000000000         153.000000000000    4    -0.643351342277678E-01
     15.0000000000000         64.0000000000000         66.0000000000000         154.000000000000    4    -0.644252240300228E-01
     15.0000000000000         65.0000000000000         66.0000000000000         155.000000000000    4    -0.645085349688928E-01
     15.0000000000000         66.0000000000000         66.0000000000000         156.000000000000    4    -0.645858298009549E-01
     15.0000000000000         67.0000000000000         66.0000000000000         157.000000000000    4    -0.646578376598101E-01
     15.0000000000000         68.0000000000000         66.0000000000000         158.000000000000    4    -0.647252601596539E-01
     15.0000000000000         69.0000000000000         66.0000000000000         159.000000000000    4    -0.647887610788418E-01
     15.0000000000000         70.0000000000000         66.0000000000000         160.000000000000    4    -0.648489455412029E-01
     15.0000000000000         71.0000000000000         66.0000000000000         161.000000000000    4    -0.649063433040712E-01
     15.0000000000000         72.0000000000000         66.0000000000000         162.000000000000    4    -0.649614032939005E-01
     15.0000000000000         73.0000000000000         66.0000000000000         163.000000000000    4    -0.650144994825855E-01
     15.0000000000000         74.0000000000000         66.0000000000000         164.000000000000    4    -0.650659492400613E-01
     15.0000000000000         75.0000000000000         66.0000000000000         165.000000000000    4    -0.651160444848542E-01
     15.0000000000000         76.0000000000000         66.0000000000000         166.000000000000    4    -0.651650900798614E-01
     15.0000000000000         77.0000000000000         66.0000000000000         167.000000000000    4    -0.652134403867807E-01
     15.0000000000000         78.0000000000000         66.0000000000000         168.000000000000    4    -0.652615262376385E-01
     15.0000000000000         79.0000000000000         66.0000000000000         169.000000000000    4    -0.653098661371736E-01
     15.0000000000000         80.0000000000000         66.0000000000000         170.000000000000    4    -0.653590496123435E-01
     15.0000000000000         81.0000000000000         66.0000000000000         171.000000000000    4    -0.654096560373449E-01
     15.0000000000000         82.0000000000000         66.0000000000000         172.000000000000    4    -0.654620156741175E-01
     15.0000000000000         83.0000000000000         66.0000000000000         173.000000000000    4    -0.655156064645375E-01
     15.0000000000000         84.0000000000000         66.0000000000000         174.000000000000    5    -0.655536284603982E-01
     15.0000000000000         85.0000000000000         66.0000000000000         175.000000000000    5    -0.653092162552324E-01
     15.0000000000000         86.0000000000000         66.0000000000000         176.000000000000    5    -0.650928437836946E-01
     15.0000000000000         87.0000000000000         66.0000000000000         177.000000000000    9    -0.648984300253414E-01
     15.0000000000000         88.0000000000000         66.0000000000000         178.000000000000    9    -0.647225031065165E-01
     15.0000000000000         89.0000000000000         66.0000000000000         179.000000000000    9    -0.645525935367905E-01
     15.0000000000000         90.0000000000000         66.0000000000000         180.000000000000    9    -0.643882863460618E-01
     15.0000000000000         91.0000000000000         66.0000000000000         181.000000000000    9    -0.642291026450504E-01
     15.0000000000000         92.0000000000000         66.0000000000000         182.000000000000    9    -0.640742066702397E-01
     15.0000000000000         93.0000000000000         66.0000000000000         183.000000000000    9    -0.639185343395935E-01
     15.0000000000000         94.0000000000000         66.0000000000000         184.000000000000    8    -0.638113518252414E-01
     15.0000000000000         95.0000000000000         66.0000000000000         185.000000000000    8    -0.637069471043681E-01
     15.0000000000000         96.0000000000000         66.0000000000000         186.000000000000    8    -0.636022749718769E-01
     15.0000000000000         97.0000000000000         66.0000000000000         187.000000000000    8    -0.634982327498510E-01
     15.0000000000000         98.0000000000000         66.0000000000000         188.000000000000    8    -0.633951609536523E-01
     15.0000000000000         99.0000000000000         66.0000000000000         189.000000000000    8    -0.632931791258856E-01
     15.0000000000000         100.000000000000         66.0000000000000         190.000000000000    8    -0.631922945039240E-01
