x y z l isd potential
    -71.0000000000000         25.0000000000000         66.0000000000000         9.00000000000000    8    -0.311618361509185E-01
    -70.0000000000000         25.0000000000000         66.0000000000000         10.0000000000000    8    -0.313734575201518E-01
    -69.0000000000000         25.0000000000000         66.0000000000000         11.0000000000000    8    -0.315864342500763E-01
    -68.0000000000000         25.0000000000000         66.0000000000000         12.0000000000000    8    -0.317977562797016E-01
    -67.0000000000000         25.0000000000000         66.0000000000000         13.0000000000000    8    -0.320066750746436E-01
    -66.0000000000000         25.0000000000000         66.0000000000000         14.0000000000000    8    -0.322130797590338E-01
    -65.0000000000000         25.0000000000000         66.0000000000000         15.0000000000000    8    -0.324171883227403E-01
    -64.0000000000000         25.0000000000000         66.0000000000000         16.0000000000000    8    -0.326199145776926E-01
    -63.0000000000000         25.0000000000000         66.0000000000000         17.0000000000000    8    -0.328248129178786E-01
    -62.0000000000000         25.0000000000000         66.0000000000000         18.0000000000000    9    -0.330067849164970E-01
    -61.0000000000000         25.0000000000000         66.0000000000000         19.0000000000000    9    -0.331504122012789E-01
    -60.0000000000000         25.0000000000000         66.0000000000000         20.0000000000000    9    -0.332862114481552E-01
    -59.0000000000000         25.0000000000000         66.0000000000000         21.0000000000000    9    -0.334190600220233E-01
    -58.0000000000000         25.0000000000000         66.0000000000000         22.0000000000000    9    -0.335465210879361E-01
    -57.0000000000000         25.0000000000000         66.0000000000000         23.0000000000000    9    -0.336673209862434E-01
    -56.0000000000000         25.0000000000000         66.0000000000000         24.0000000000000    9    -0.337806702820038E-01
    -55.0000000000000         25.0000000000000         66.0000000000000         25.0000000000000    5    -0.338929984803655E-01
    -54.0000000000000         25.0000000000000         66.0000000000000         26.0000000000000    5    -0.340195482491432E-01
    -53.0000000000000         25.0000000000000         66.0000000000000         27.0000000000000    4    -0.343188379516225E-01
    -52.0000000000000         25.0000000000000         66.0000000000000         28.0000000000000    4    -0.346688696317932E-01
    -51.0000000000000         25.0000000000000         66.0000000000000         29.0000000000000    4    -0.350273977304583E-01
    -50.0000000000000         25.0000000000000         66.0000000000000         30.0000000000000    4    -0.353880837233660E-01
    -49.0000000000000         25.0000000000000         66.0000000000000         31.0000000000000    4    -0.357494057351504E-01
    -48.0000000000000         25.0000000000000         66.0000000000000         32.0000000000000    4    -0.361111018477553E-01
    -47.0000000000000         25.0000000000000         66.0000000000000         33.0000000000000    4    -0.364732300043898E-01
    -46.0000000000000         25.0000000000000         66.0000000000000         34.0000000000000    4    -0.368359101084548E-01
    -45.0000000000000         25.0000000000000         66.0000000000000         35.0000000000000    4    -0.371992616975044E-01
    -44.0000000000000         25.0000000000000         66.0000000000000         36.0000000000000    4    -0.375634002984602E-01
    -43.0000000000000         25.0000000000000         66.0000000000000         37.0000000000000    4    -0.379284529910080E-01
    -42.0000000000000         25.0000000000000         66.0000000000000         38.0000000000000    4    -0.382945824218653E-01
    -41.0000000000000         25.0000000000000         66.0000000000000         39.0000000000000    4    -0.386620157686773E-01
    -40.0000000000000         25.0000000000000         66.0000000000000         40.0000000000000    4    -0.390310714293204E-01
    -39.0000000000000         25.0000000000000         66.0000000000000         41.0000000000000    4    -0.394021543242008E-01
    -38.0000000000000         25.0000000000000         66.0000000000000         42.0000000000000    4    -0.397755990481749E-01
    -37.0000000000000         25.0000000000000         66.0000000000000         43.0000000000000    4    -0.401503745089069E-01
    -36.0000000000000         25.0000000000000         66.0000000000000         44.0000000000000    2    -0.405112201963447E-01
    -35.0000000000000         25.0000000000000         66.0000000000000         45.0000000000000    2    -0.408329999896709E-01
    -34.0000000000000         25.0000000000000         66.0000000000000         46.0000000000000    2    -0.411458710825144E-01
    -33.0000000000000         25.0000000000000         66.0000000000000         47.0000000000000    2    -0.414521624419205E-01
    -32.0000000000000         25.0000000000000         66.0000000000000         48.0000000000000    2    -0.417522144541972E-01
    -31.0000000000000         25.0000000000000         66.0000000000000         49.0000000000000    2    -0.420461186679378E-01
    -30.0000000000000         25.0000000000000         66.0000000000000         50.0000000000000    2    -0.423337864959333E-01
    -29.0000000000000         25.0000000000000         66.0000000000000         51.0000000000000    2    -0.426149492849085E-01
    -28.0000000000000         25.0000000000000         66.0000000000000         52.0000000000000    2    -0.428892144632116E-01
    -27.0000000000000         25.0000000000000         66.0000000000000         53.0000000000000    2    -0.431561134642344E-01
    -26.0000000000000         25.0000000000000         66.0000000000000         54.0000000000000    2    -0.434151235890394E-01
    -25.0000000000000         25.0000000000000         66.0000000000000         55.0000000000000    2    -0.436656763568424E-01
    -24.0000000000000         25.0000000000000         66.0000000000000         56.0000000000000    2    -0.439071589034194E-01
    -23.0000000000000         25.0000000000000         66.0000000000000         57.0000000000000    2    -0.441389094427757E-01
    -22.0000000000000         25.0000000000000         66.0000000000000         58.0000000000000    2    -0.443602076437567E-01
    -21.0000000000000         25.0000000000000         66.0000000000000         59.0000000000000    2    -0.445702609282264E-01
    -20.0000000000000         25.0000000000000         66.0000000000000         60.0000000000000    2    -0.447681886184221E-01
    -19.0000000000000         25.0000000000000         66.0000000000000         61.0000000000000    2    -0.449530072635852E-01
    -18.0000000000000         25.0000000000000         66.0000000000000         62.0000000000000    2    -0.451236215344129E-01
    -17.0000000000000         25.0000000000000         66.0000000000000         63.0000000000000    2    -0.452788276163930E-01
    -16.0000000000000         25.0000000000000         66.0000000000000         64.0000000000000    2    -0.454173407454057E-01
    -15.0000000000000         25.0000000000000         66.0000000000000         65.0000000000000    2    -0.455378575417912E-01
    -14.0000000000000         25.0000000000000         66.0000000000000         66.0000000000000    2    -0.456391389326058E-01
    -13.0000000000000         25.0000000000000         66.0000000000000         67.0000000000000    2    -0.457200604247245E-01
    -12.0000000000000         25.0000000000000         66.0000000000000         68.0000000000000    2    -0.457792731023952E-01
    -11.0000000000000         25.0000000000000         66.0000000000000         69.0000000000000    4    -0.458527880729952E-01
    -10.0000000000000         25.0000000000000         66.0000000000000         70.0000000000000    4    -0.458791727365756E-01
    -9.00000000000000         25.0000000000000         66.0000000000000         71.0000000000000    4    -0.459356053588725E-01
    -8.00000000000000         25.0000000000000         66.0000000000000         72.0000000000000    4    -0.460250583936566E-01
    -7.00000000000000         25.0000000000000         66.0000000000000         73.0000000000000    4    -0.461917017554504E-01
    -6.00000000000000         25.0000000000000         66.0000000000000         74.0000000000000    4    -0.464923878867242E-01
    -5.00000000000000         25.0000000000000         66.0000000000000         75.0000000000000    4    -0.468692875767873E-01
    -4.00000000000000         25.0000000000000         66.0000000000000         76.0000000000000    3    -0.471664293178957E-01
    -3.00000000000000         25.0000000000000         66.0000000000000         77.0000000000000    3    -0.470552883223832E-01
    -2.00000000000000         25.0000000000000         66.0000000000000         78.0000000000000    3    -0.469464042832450E-01
    -1.00000000000000         25.0000000000000         66.0000000000000         79.0000000000000    3    -0.468157962116168E-01
     0.00000000000000         25.0000000000000         66.0000000000000         80.0000000000000    3    -0.466687743866131E-01
     1.00000000000000         25.0000000000000         66.0000000000000         81.0000000000000    3    -0.465159282047922E-01
     2.00000000000000         25.0000000000000         66.0000000000000         82.0000000000000    4    -0.469193312654517E-01
     3.00000000000000         25.0000000000000         66.0000000000000         83.0000000000000    4    -0.472935841212951E-01
     4.00000000000000         25.0000000000000         66.0000000000000         84.0000000000000    4    -0.475027257739932E-01
     5.00000000000000         25.0000000000000         66.0000000000000         85.0000000000000    4    -0.476457312555742E-01
     6.00000000000000         25.0000000000000         66.0000000000000         86.0000000000000    4    -0.477455739262948E-01
     7.00000000000000         25.0000000000000         66.0000000000000         87.0000000000000    4    -0.478064350429656E-01
     8.00000000000000         25.0000000000000         66.0000000000000         88.0000000000000    4    -0.478263789917426E-01
     9.00000000000000         25.0000000000000         66.0000000000000         89.0000000000000    4    -0.478011846847428E-01
     10.0000000000000         25.0000000000000         66.0000000000000         90.0000000000000    4    -0.477220522998460E-01
     11.0000000000000         25.0000000000000         66.0000000000000         91.0000000000000    4    -0.475641583095845E-01
     12.0000000000000         25.0000000000000         66.0000000000000         92.0000000000000    4    -0.472710146956537E-01
     13.0000000000000         25.0000000000000         66.0000000000000         93.0000000000000    4    -0.467245404062015E-01
     14.0000000000000         25.0000000000000         66.0000000000000         94.0000000000000    3    -0.468603740956516E-01
     15.0000000000000         25.0000000000000         66.0000000000000         95.0000000000000    3    -0.471218532232950E-01
     16.0000000000000         25.0000000000000         66.0000000000000         96.0000000000000    3    -0.473834483144820E-01
     17.0000000000000         25.0000000000000         66.0000000000000         97.0000000000000    3    -0.476521373377467E-01
     18.0000000000000         25.0000000000000         66.0000000000000         98.0000000000000    3    -0.479336470617117E-01
     19.0000000000000         25.0000000000000         66.0000000000000         99.0000000000000    4    -0.481510838581483E-01
     20.0000000000000         25.0000000000000         66.0000000000000         100.000000000000    4    -0.477903221012657E-01
     21.0000000000000         25.0000000000000         66.0000000000000         101.000000000000    4    -0.476406684209903E-01
     22.0000000000000         25.0000000000000         66.0000000000000         102.000000000000    4    -0.476520387493963E-01
     23.0000000000000         25.0000000000000         66.0000000000000         103.000000000000    4    -0.477664395849795E-01
     24.0000000000000         25.0000000000000         66.0000000000000         104.000000000000    2    -0.479614932422986E-01
     25.0000000000000         25.0000000000000         66.0000000000000         105.000000000000    2    -0.481539686209768E-01
     26.0000000000000         25.0000000000000         66.0000000000000         106.000000000000    2    -0.483488317914950E-01
     27.0000000000000         25.0000000000000         66.0000000000000         107.000000000000    2    -0.485272791507074E-01
     28.0000000000000         25.0000000000000         66.0000000000000         108.000000000000    2    -0.486840936420168E-01
     29.0000000000000         25.0000000000000         66.0000000000000         109.000000000000    2    -0.488182798092953E-01
     30.0000000000000         25.0000000000000         66.0000000000000         110.000000000000    2    -0.489304696276338E-01
     31.0000000000000         25.0000000000000         66.0000000000000         111.000000000000    2    -0.490224048563036E-01
     32.0000000000000         25.0000000000000         66.0000000000000         112.000000000000    2    -0.490974091726563E-01
     33.0000000000000         25.0000000000000         66.0000000000000         113.000000000000    2    -0.491610062923333E-01
     34.0000000000000         25.0000000000000         66.0000000000000         114.000000000000    2    -0.492237940966632E-01
     35.0000000000000         25.0000000000000         66.0000000000000         115.000000000000    4    -0.491427088182918E-01
     36.0000000000000         25.0000000000000         66.0000000000000         116.000000000000    4    -0.490721958230566E-01
     37.0000000000000         25.0000000000000         66.0000000000000         117.000000000000    4    -0.489976133582616E-01
     38.0000000000000         25.0000000000000         66.0000000000000         118.000000000000    4    -0.489143974685776E-01
     39.0000000000000         25.0000000000000         66.0000000000000         119.000000000000    4    -0.488194692847506E-01
     40.0000000000000         25.0000000000000         66.0000000000000         120.000000000000    4    -0.487119830131712E-01
     41.0000000000000         25.0000000000000         66.0000000000000         121.000000000000    4    -0.485922983155582E-01
     42.0000000000000         25.0000000000000         66.0000000000000         122.000000000000    4    -0.484611310295911E-01
     43.0000000000000         25.0000000000000         66.0000000000000         123.000000000000    4    -0.483191611767758E-01
     44.0000000000000         25.0000000000000         66.0000000000000         124.000000000000    4    -0.481670143202057E-01
     45.0000000000000         25.0000000000000         66.0000000000000         125.000000000000    4    -0.480053179693621E-01
     46.0000000000000         25.0000000000000         66.0000000000000         126.000000000000    4    -0.478347014573762E-01
     47.0000000000000         25.0000000000000         66.0000000000000         127.000000000000    4    -0.476557710510664E-01
     48.0000000000000         25.0000000000000         66.0000000000000         128.000000000000    4    -0.474691007785474E-01
     49.0000000000000         25.0000000000000         66.0000000000000         129.000000000000    4    -0.472752427509549E-01
     50.0000000000000         25.0000000000000         66.0000000000000         130.000000000000    4    -0.470747472072804E-01
     51.0000000000000         25.0000000000000         66.0000000000000         131.000000000000    4    -0.468681836259187E-01
     52.0000000000000         25.0000000000000         66.0000000000000         132.000000000000    4    -0.466561576747161E-01
     53.0000000000000         25.0000000000000         66.0000000000000         133.000000000000    4    -0.464393230022793E-01
     54.0000000000000         25.0000000000000         66.0000000000000         134.000000000000    4    -0.462183904111266E-01
     55.0000000000000         25.0000000000000         66.0000000000000         135.000000000000    4    -0.459941384955683E-01
     56.0000000000000         25.0000000000000         66.0000000000000         136.000000000000    4    -0.457674300954931E-01
     57.0000000000000         25.0000000000000         66.0000000000000         137.000000000000    4    -0.455392388765876E-01
     58.0000000000000         25.0000000000000         66.0000000000000         138.000000000000    4    -0.453106904950043E-01
     59.0000000000000         25.0000000000000         66.0000000000000         139.000000000000    4    -0.450831238649062E-01
     60.0000000000000         25.0000000000000         66.0000000000000         140.000000000000    4    -0.448581824893227E-01
     61.0000000000000         25.0000000000000         66.0000000000000         141.000000000000    4    -0.446379697706155E-01
     62.0000000000000         25.0000000000000         66.0000000000000         142.000000000000    4    -0.444254781020866E-01
     63.0000000000000         25.0000000000000         66.0000000000000         143.000000000000    4    -0.442269163749826E-01
     64.0000000000000         25.0000000000000         66.0000000000000         144.000000000000    5    -0.440384487529744E-01
     65.0000000000000         25.0000000000000         66.0000000000000         145.000000000000    5    -0.438817997996398E-01
     66.0000000000000         25.0000000000000         66.0000000000000         146.000000000000    5    -0.437390589549599E-01
     67.0000000000000         25.0000000000000         66.0000000000000         147.000000000000    9    -0.435469402576916E-01
     68.0000000000000         25.0000000000000         66.0000000000000         148.000000000000    9    -0.433272941742194E-01
     69.0000000000000         25.0000000000000         66.0000000000000         149.000000000000    9    -0.431057230458196E-01
     70.0000000000000         25.0000000000000         66.0000000000000         150.000000000000    9    -0.428891640741370E-01
     71.0000000000000         25.0000000000000         66.0000000000000         151.000000000000    9    -0.426760757268978E-01
     72.0000000000000         25.0000000000000         66.0000000000000         152.000000000000    9    -0.424646292191246E-01
     73.0000000000000         25.0000000000000         66.0000000000000         153.000000000000    9    -0.422523694536098E-01
     74.0000000000000         25.0000000000000         66.0000000000000         154.000000000000    8    -0.419996067540581E-01
     75.0000000000000         25.0000000000000         66.0000000000000         155.000000000000    8    -0.417225643849699E-01
     76.0000000000000         25.0000000000000         66.0000000000000         156.000000000000    8    -0.414455084511476E-01
     77.0000000000000         25.0000000000000         66.0000000000000         157.000000000000    8    -0.411714201361985E-01
     78.0000000000000         25.0000000000000         66.0000000000000         158.000000000000    8    -0.409013721081766E-01
     79.0000000000000         25.0000000000000         66.0000000000000         159.000000000000    8    -0.406357231476867E-01
     80.0000000000000         25.0000000000000         66.0000000000000         160.000000000000    8    -0.403746081128337E-01
     81.0000000000000         25.0000000000000         66.0000000000000         161.000000000000    8    -0.401182121477417E-01
     82.0000000000000         25.0000000000000         66.0000000000000         162.000000000000    8    -0.398673102108956E-01
     83.0000000000000         25.0000000000000         66.0000000000000         163.000000000000    8    -0.396222513449708E-01
