x y z l isd potential
    -71.0000000000000         25.0000000000000         66.0000000000000         9.00000000000000    8    -0.307838152094180E-01
    -70.0000000000000         25.0000000000000         66.0000000000000         10.0000000000000    8    -0.309932812878982E-01
    -69.0000000000000         25.0000000000000         66.0000000000000         11.0000000000000    8    -0.312038025303186E-01
    -68.0000000000000         25.0000000000000         66.0000000000000         12.0000000000000    8    -0.314124314031195E-01
    -67.0000000000000         25.0000000000000         66.0000000000000         13.0000000000000    8    -0.316184326433833E-01
    -66.0000000000000         25.0000000000000         66.0000000000000         14.0000000000000    8    -0.318216942608415E-01
    -65.0000000000000         25.0000000000000         66.0000000000000         15.0000000000000    8    -0.320224281279255E-01
    -64.0000000000000         25.0000000000000         66.0000000000000         16.0000000000000    8    -0.322215459640446E-01
    -63.0000000000000         25.0000000000000         66.0000000000000         17.0000000000000    8    -0.324226349613581E-01
    -62.0000000000000         25.0000000000000         66.0000000000000         18.0000000000000    9    -0.326009956839561E-01
    -61.0000000000000         25.0000000000000         66.0000000000000         19.0000000000000    9    -0.327413811397045E-01
    -60.0000000000000         25.0000000000000         66.0000000000000         20.0000000000000    9    -0.328740164051302E-01
    -59.0000000000000         25.0000000000000         66.0000000000000         21.0000000000000    9    -0.330035301250061E-01
    -58.0000000000000         25.0000000000000         66.0000000000000         22.0000000000000    9    -0.331274226946399E-01
    -57.0000000000000         25.0000000000000         66.0000000000000         23.0000000000000    9    -0.332443603951742E-01
    -56.0000000000000         25.0000000000000         66.0000000000000         24.0000000000000    9    -0.333534260402180E-01
    -55.0000000000000         25.0000000000000         66.0000000000000         25.0000000000000    5    -0.334640044218655E-01
    -54.0000000000000         25.0000000000000         66.0000000000000         26.0000000000000    5    -0.335896148673882E-01
    -53.0000000000000         25.0000000000000         66.0000000000000         27.0000000000000    4    -0.338876123080745E-01
    -52.0000000000000         25.0000000000000         66.0000000000000         28.0000000000000    4    -0.342385016406616E-01
    -51.0000000000000         25.0000000000000         66.0000000000000         29.0000000000000    4    -0.345978818316534E-01
    -50.0000000000000         25.0000000000000         66.0000000000000         30.0000000000000    4    -0.349593063497512E-01
    -49.0000000000000         25.0000000000000         66.0000000000000         31.0000000000000    4    -0.353212222003317E-01
    -48.0000000000000         25.0000000000000         66.0000000000000         32.0000000000000    4    -0.356833560351153E-01
    -47.0000000000000         25.0000000000000         66.0000000000000         33.0000000000000    4    -0.360457595253911E-01
    -46.0000000000000         25.0000000000000         66.0000000000000         34.0000000000000    4    -0.364085479486798E-01
    -45.0000000000000         25.0000000000000         66.0000000000000         35.0000000000000    4    -0.367718370639190E-01
    -44.0000000000000         25.0000000000000         66.0000000000000         36.0000000000000    4    -0.371357392361678E-01
    -43.0000000000000         25.0000000000000         66.0000000000000         37.0000000000000    4    -0.375003788218959E-01
    -42.0000000000000         25.0000000000000         66.0000000000000         38.0000000000000    4    -0.378659159484452E-01
    -41.0000000000000         25.0000000000000         66.0000000000000         39.0000000000000    4    -0.382325751644574E-01
    -40.0000000000000         25.0000000000000         66.0000000000000         40.0000000000000    4    -0.386006717321947E-01
    -39.0000000000000         25.0000000000000         66.0000000000000         41.0000000000000    4    -0.389706064572519E-01
    -38.0000000000000         25.0000000000000         66.0000000000000         42.0000000000000    4    -0.393427080366356E-01
    -37.0000000000000         25.0000000000000         66.0000000000000         43.0000000000000    4    -0.397159308229399E-01
    -36.0000000000000         25.0000000000000         66.0000000000000         44.0000000000000    2    -0.400771012045461E-01
    -35.0000000000000         25.0000000000000         66.0000000000000         45.0000000000000    2    -0.403971807035273E-01
    -34.0000000000000         25.0000000000000         66.0000000000000         46.0000000000000    2    -0.407083751657656E-01
    -33.0000000000000         25.0000000000000         66.0000000000000         47.0000000000000    2    -0.410129648836684E-01
    -32.0000000000000         25.0000000000000         66.0000000000000         48.0000000000000    2    -0.413112757587827E-01
    -31.0000000000000         25.0000000000000         66.0000000000000         49.0000000000000    2    -0.416033908468809E-01
    -30.0000000000000         25.0000000000000         66.0000000000000         50.0000000000000    2    -0.418892163695939E-01
    -29.0000000000000         25.0000000000000         66.0000000000000         51.0000000000000    2    -0.421684821816005E-01
    -28.0000000000000         25.0000000000000         66.0000000000000         52.0000000000000    2    -0.424407980868831E-01
    -27.0000000000000         25.0000000000000         66.0000000000000         53.0000000000000    2    -0.427057016136369E-01
    -26.0000000000000         25.0000000000000         66.0000000000000         54.0000000000000    2    -0.429626793672229E-01
    -25.0000000000000         25.0000000000000         66.0000000000000         55.0000000000000    2    -0.432111745754888E-01
    -24.0000000000000         25.0000000000000         66.0000000000000         56.0000000000000    2    -0.434505876810452E-01
    -23.0000000000000         25.0000000000000         66.0000000000000         57.0000000000000    2    -0.436802712463865E-01
    -22.0000000000000         25.0000000000000         66.0000000000000         58.0000000000000    2    -0.438995200908490E-01
    -21.0000000000000         25.0000000000000         66.0000000000000         59.0000000000000    2    -0.441075576057038E-01
    -20.0000000000000         25.0000000000000         66.0000000000000         60.0000000000000    2    -0.443035200745159E-01
    -19.0000000000000         25.0000000000000         66.0000000000000         61.0000000000000    2    -0.444864422447121E-01
    -18.0000000000000         25.0000000000000         66.0000000000000         62.0000000000000    2    -0.446552484880662E-01
    -17.0000000000000         25.0000000000000         66.0000000000000         63.0000000000000    2    -0.448087564559856E-01
    -16.0000000000000         25.0000000000000         66.0000000000000         64.0000000000000    2    -0.449457049233320E-01
    -15.0000000000000         25.0000000000000         66.0000000000000         65.0000000000000    2    -0.450648168873670E-01
    -14.0000000000000         25.0000000000000         66.0000000000000         66.0000000000000    2    -0.451648852097012E-01
    -13.0000000000000         25.0000000000000         66.0000000000000         67.0000000000000    2    -0.452448308633762E-01
    -12.0000000000000         25.0000000000000         66.0000000000000         68.0000000000000    2    -0.453033859024761E-01
    -11.0000000000000         25.0000000000000         66.0000000000000         69.0000000000000    4    -0.453757146018026E-01
    -10.0000000000000         25.0000000000000         66.0000000000000         70.0000000000000    4    -0.454017540748210E-01
    -9.00000000000000         25.0000000000000         66.0000000000000         71.0000000000000    4    -0.454577411169627E-01
    -8.00000000000000         25.0000000000000         66.0000000000000         72.0000000000000    4    -0.455466528169978E-01
    -7.00000000000000         25.0000000000000         66.0000000000000         73.0000000000000    4    -0.457121746885486E-01
    -6.00000000000000         25.0000000000000         66.0000000000000         74.0000000000000    4    -0.460105888742158E-01
    -5.00000000000000         25.0000000000000         66.0000000000000         75.0000000000000    4    -0.463830506404745E-01
    -4.00000000000000         25.0000000000000         66.0000000000000         76.0000000000000    3    -0.466790374608182E-01
    -3.00000000000000         25.0000000000000         66.0000000000000         77.0000000000000    3    -0.465679443281184E-01
    -2.00000000000000         25.0000000000000         66.0000000000000         78.0000000000000    3    -0.464589538786856E-01
    -1.00000000000000         25.0000000000000         66.0000000000000         79.0000000000000    3    -0.463285280445655E-01
     0.00000000000000         25.0000000000000         66.0000000000000         80.0000000000000    3    -0.461817506780325E-01
     1.00000000000000         25.0000000000000         66.0000000000000         81.0000000000000    3    -0.460291594070339E-01
     2.00000000000000         25.0000000000000         66.0000000000000         82.0000000000000    4    -0.464293441970940E-01
     3.00000000000000         25.0000000000000         66.0000000000000         83.0000000000000    4    -0.468003414709772E-01
     4.00000000000000         25.0000000000000         66.0000000000000         84.0000000000000    4    -0.470077272751074E-01
     5.00000000000000         25.0000000000000         66.0000000000000         85.0000000000000    4    -0.471495907458458E-01
     6.00000000000000         25.0000000000000         66.0000000000000         86.0000000000000    4    -0.472486979996907E-01
     7.00000000000000         25.0000000000000         66.0000000000000         87.0000000000000    4    -0.473091777168211E-01
     8.00000000000000         25.0000000000000         66.0000000000000         88.0000000000000    4    -0.473290865562905E-01
     9.00000000000000         25.0000000000000         66.0000000000000         89.0000000000000    4    -0.473042191481427E-01
     10.0000000000000         25.0000000000000         66.0000000000000         90.0000000000000    4    -0.472258269584601E-01
     11.0000000000000         25.0000000000000         66.0000000000000         91.0000000000000    4    -0.470692396889526E-01
     12.0000000000000         25.0000000000000         66.0000000000000         92.0000000000000    4    -0.467783170098389E-01
     13.0000000000000         25.0000000000000         66.0000000000000         93.0000000000000    4    -0.462354787642119E-01
     14.0000000000000         25.0000000000000         66.0000000000000         94.0000000000000    3    -0.463738284735363E-01
     15.0000000000000         25.0000000000000         66.0000000000000         95.0000000000000    3    -0.466343139459629E-01
     16.0000000000000         25.0000000000000         66.0000000000000         96.0000000000000    3    -0.468949123450343E-01
     17.0000000000000         25.0000000000000         66.0000000000000         97.0000000000000    3    -0.471625309171565E-01
     18.0000000000000         25.0000000000000         66.0000000000000         98.0000000000000    3    -0.474428510400604E-01
     19.0000000000000         25.0000000000000         66.0000000000000         99.0000000000000    4    -0.476598178660748E-01
     20.0000000000000         25.0000000000000         66.0000000000000         100.000000000000    4    -0.473040012500655E-01
     21.0000000000000         25.0000000000000         66.0000000000000         101.000000000000    4    -0.471576275695093E-01
     22.0000000000000         25.0000000000000         66.0000000000000         102.000000000000    4    -0.471710000177905E-01
     23.0000000000000         25.0000000000000         66.0000000000000         103.000000000000    4    -0.472865596598094E-01
     24.0000000000000         25.0000000000000         66.0000000000000         104.000000000000    2    -0.474835384561917E-01
     25.0000000000000         25.0000000000000         66.0000000000000         105.000000000000    2    -0.476766828775342E-01
     26.0000000000000         25.0000000000000         66.0000000000000         106.000000000000    2    -0.478723452012752E-01
     27.0000000000000         25.0000000000000         66.0000000000000         107.000000000000    2    -0.480518472990778E-01
     28.0000000000000         25.0000000000000         66.0000000000000         108.000000000000    2    -0.482099989300814E-01
     29.0000000000000         25.0000000000000         66.0000000000000         109.000000000000    2    -0.483458053177798E-01
     30.0000000000000         25.0000000000000         66.0000000000000         110.000000000000    2    -0.484598918694261E-01
     31.0000000000000         25.0000000000000         66.0000000000000         111.000000000000    2    -0.485539880260957E-01
     32.0000000000000         25.0000000000000         66.0000000000000         112.000000000000    2    -0.486313913000878E-01
     33.0000000000000         25.0000000000000         66.0000000000000         113.000000000000    2    -0.486975760561046E-01
     34.0000000000000         25.0000000000000         66.0000000000000         114.000000000000    2    -0.487631128259555E-01
     35.0000000000000         25.0000000000000         66.0000000000000         115.000000000000    4    -0.486852241344101E-01
     36.0000000000000         25.0000000000000         66.0000000000000         116.000000000000    4    -0.486185872811770E-01
     37.0000000000000         25.0000000000000         66.0000000000000         117.000000000000    4    -0.485478922529278E-01
     38.0000000000000         25.0000000000000         66.0000000000000         118.000000000000    4    -0.484686498606364E-01
     39.0000000000000         25.0000000000000         66.0000000000000         119.000000000000    4    -0.483778138436279E-01
     40.0000000000000         25.0000000000000         66.0000000000000         120.000000000000    4    -0.482745435100136E-01
     41.0000000000000         25.0000000000000         66.0000000000000         121.000000000000    4    -0.481591919659613E-01
     42.0000000000000         25.0000000000000         66.0000000000000         122.000000000000    4    -0.480324644594453E-01
     43.0000000000000         25.0000000000000         66.0000000000000         123.000000000000    4    -0.478950285709344E-01
     44.0000000000000         25.0000000000000         66.0000000000000         124.000000000000    4    -0.477474954897291E-01
     45.0000000000000         25.0000000000000         66.0000000000000         125.000000000000    4    -0.475904768605713E-01
     46.0000000000000         25.0000000000000         66.0000000000000         126.000000000000    4    -0.474245861726446E-01
     47.0000000000000         25.0000000000000         66.0000000000000         127.000000000000    4    -0.472504154097842E-01
     48.0000000000000         25.0000000000000         66.0000000000000         128.000000000000    4    -0.470685266288354E-01
     49.0000000000000         25.0000000000000         66.0000000000000         129.000000000000    4    -0.468794621691806E-01
     50.0000000000000         25.0000000000000         66.0000000000000         130.000000000000    4    -0.466837640298169E-01
     51.0000000000000         25.0000000000000         66.0000000000000         131.000000000000    4    -0.464819941759556E-01
     52.0000000000000         25.0000000000000         66.0000000000000         132.000000000000    4    -0.462747509069535E-01
     53.0000000000000         25.0000000000000         66.0000000000000         133.000000000000    4    -0.460626804636695E-01
     54.0000000000000         25.0000000000000         66.0000000000000         134.000000000000    4    -0.458464864010688E-01
     55.0000000000000         25.0000000000000         66.0000000000000         135.000000000000    4    -0.456269406857099E-01
     56.0000000000000         25.0000000000000         66.0000000000000         136.000000000000    4    -0.454049007233173E-01
     57.0000000000000         25.0000000000000         66.0000000000000         137.000000000000    4    -0.451813365096446E-01
     58.0000000000000         25.0000000000000         66.0000000000000         138.000000000000    4    -0.449573722875758E-01
     59.0000000000000         25.0000000000000         66.0000000000000         139.000000000000    4    -0.447343481858386E-01
     60.0000000000000         25.0000000000000         66.0000000000000         140.000000000000    4    -0.445139117719829E-01
     61.0000000000000         25.0000000000000         66.0000000000000         141.000000000000    4    -0.442981733785819E-01
     62.0000000000000         25.0000000000000         66.0000000000000         142.000000000000    4    -0.440901344590954E-01
     63.0000000000000         25.0000000000000         66.0000000000000         143.000000000000    4    -0.438960067012661E-01
     64.0000000000000         25.0000000000000         66.0000000000000         144.000000000000    5    -0.437119741208135E-01
     65.0000000000000         25.0000000000000         66.0000000000000         145.000000000000    5    -0.435571031449762E-01
     66.0000000000000         25.0000000000000         66.0000000000000         146.000000000000    5    -0.434162110920087E-01
     67.0000000000000         25.0000000000000         66.0000000000000         147.000000000000    9    -0.432240997667110E-01
     68.0000000000000         25.0000000000000         66.0000000000000         148.000000000000    9    -0.430065053974690E-01
     69.0000000000000         25.0000000000000         66.0000000000000         149.000000000000    9    -0.427869982048770E-01
     70.0000000000000         25.0000000000000         66.0000000000000         150.000000000000    9    -0.425724458790971E-01
     71.0000000000000         25.0000000000000         66.0000000000000         151.000000000000    9    -0.423613105768195E-01
     72.0000000000000         25.0000000000000         66.0000000000000         152.000000000000    9    -0.421517855201442E-01
     73.0000000000000         25.0000000000000         66.0000000000000         153.000000000000    9    -0.419414650141543E-01
     74.0000000000000         25.0000000000000         66.0000000000000         154.000000000000    8    -0.416902011319171E-01
     75.0000000000000         25.0000000000000         66.0000000000000         155.000000000000    8    -0.414158223565090E-01
     76.0000000000000         25.0000000000000         66.0000000000000         156.000000000000    8    -0.411413263093755E-01
     77.0000000000000         25.0000000000000         66.0000000000000         157.000000000000    8    -0.408696860655112E-01
     78.0000000000000         25.0000000000000         66.0000000000000         158.000000000000    8    -0.406019785274050E-01
     79.0000000000000         25.0000000000000         66.0000000000000         159.000000000000    8    -0.403385688302079E-01
     80.0000000000000         25.0000000000000         66.0000000000000         160.000000000000    8    -0.400795961897501E-01
     81.0000000000000         25.0000000000000         66.0000000000000         161.000000000000    8    -0.398252454451559E-01
     82.0000000000000         25.0000000000000         66.0000000000000         162.000000000000    8    -0.395762800781881E-01
     83.0000000000000         25.0000000000000         66.0000000000000         163.000000000000    8    -0.393330726047012E-01
