x y z l isd potential
     15.0000000000000        -86.0000000000000         66.0000000000000         4.00000000000000    8     0.383765971146744    
     15.0000000000000        -85.0000000000000         66.0000000000000         5.00000000000000    8     0.384425147344461    
     15.0000000000000        -84.0000000000000         66.0000000000000         6.00000000000000    8     0.383968981605175    
     15.0000000000000        -83.0000000000000         66.0000000000000         7.00000000000000    8     0.382211216619901    
     15.0000000000000        -82.0000000000000         66.0000000000000         8.00000000000000    8     0.379061604120044    
     15.0000000000000        -81.0000000000000         66.0000000000000         9.00000000000000    8     0.374496174437005    
     15.0000000000000        -80.0000000000000         66.0000000000000         10.0000000000000    8     0.368541429786664    
     15.0000000000000        -79.0000000000000         66.0000000000000         11.0000000000000    8     0.361254585511042    
     15.0000000000000        -78.0000000000000         66.0000000000000         12.0000000000000    8     0.352691691776028    
     15.0000000000000        -77.0000000000000         66.0000000000000         13.0000000000000    8     0.343334432540962    
     15.0000000000000        -76.0000000000000         66.0000000000000         14.0000000000000    9     0.337298216150310    
     15.0000000000000        -75.0000000000000         66.0000000000000         15.0000000000000    9     0.331642337812483    
     15.0000000000000        -74.0000000000000         66.0000000000000         16.0000000000000    9     0.325394601659881    
     15.0000000000000        -73.0000000000000         66.0000000000000         17.0000000000000    9     0.318646424403998    
     15.0000000000000        -72.0000000000000         66.0000000000000         18.0000000000000    9     0.311434392313684    
     15.0000000000000        -71.0000000000000         66.0000000000000         19.0000000000000    9     0.303748804295340    
     15.0000000000000        -70.0000000000000         66.0000000000000         20.0000000000000    5     0.296531680068665    
     15.0000000000000        -69.0000000000000         66.0000000000000         21.0000000000000    5     0.295613160237770    
     15.0000000000000        -68.0000000000000         66.0000000000000         22.0000000000000    5     0.294910741062457    
     15.0000000000000        -67.0000000000000         66.0000000000000         23.0000000000000    5     0.294421315148647    
     15.0000000000000        -66.0000000000000         66.0000000000000         24.0000000000000    4     0.293962808171256    
     15.0000000000000        -65.0000000000000         66.0000000000000         25.0000000000000    4     0.287535966730483    
     15.0000000000000        -64.0000000000000         66.0000000000000         26.0000000000000    4     0.281148583152997    
     15.0000000000000        -63.0000000000000         66.0000000000000         27.0000000000000    4     0.274779430204803    
     15.0000000000000        -62.0000000000000         66.0000000000000         28.0000000000000    4     0.268425198290524    
     15.0000000000000        -61.0000000000000         66.0000000000000         29.0000000000000    4     0.262085269462674    
     15.0000000000000        -60.0000000000000         66.0000000000000         30.0000000000000    4     0.255761064063114    
     15.0000000000000        -59.0000000000000         66.0000000000000         31.0000000000000    4     0.249455022389601    
     15.0000000000000        -58.0000000000000         66.0000000000000         32.0000000000000    4     0.243170085667161    
     15.0000000000000        -57.0000000000000         66.0000000000000         33.0000000000000    4     0.236909476077307    
     15.0000000000000        -56.0000000000000         66.0000000000000         34.0000000000000    4     0.230676605567684    
     15.0000000000000        -55.0000000000000         66.0000000000000         35.0000000000000    4     0.224475035049727    
     15.0000000000000        -54.0000000000000         66.0000000000000         36.0000000000000    4     0.218308452308294    
     15.0000000000000        -53.0000000000000         66.0000000000000         37.0000000000000    4     0.212180653930989    
     15.0000000000000        -52.0000000000000         66.0000000000000         38.0000000000000    4     0.206095520408904    
     15.0000000000000        -51.0000000000000         66.0000000000000         39.0000000000000    4     0.200056973302622    
     15.0000000000000        -50.0000000000000         66.0000000000000         40.0000000000000    4     0.194068904121257    
     15.0000000000000        -49.0000000000000         66.0000000000000         41.0000000000000    4     0.188135069641183    
     15.0000000000000        -48.0000000000000         66.0000000000000         42.0000000000000    4     0.182258958867679    
     15.0000000000000        -47.0000000000000         66.0000000000000         43.0000000000000    4     0.176443649786130    
     15.0000000000000        -46.0000000000000         66.0000000000000         44.0000000000000    4     0.170691683126633    
     15.0000000000000        -45.0000000000000         66.0000000000000         45.0000000000000    4     0.165004982296797    
     15.0000000000000        -44.0000000000000         66.0000000000000         46.0000000000000    4     0.159384847287037    
     15.0000000000000        -43.0000000000000         66.0000000000000         47.0000000000000    4     0.153832042131209    
     15.0000000000000        -42.0000000000000         66.0000000000000         48.0000000000000    4     0.148346958865302    
     15.0000000000000        -41.0000000000000         66.0000000000000         49.0000000000000    4     0.142929781999809    
     15.0000000000000        -40.0000000000000         66.0000000000000         50.0000000000000    4     0.137580570062686    
     15.0000000000000        -39.0000000000000         66.0000000000000         51.0000000000000    4     0.132299259871838    
     15.0000000000000        -38.0000000000000         66.0000000000000         52.0000000000000    4     0.127085682822271    
     15.0000000000000        -37.0000000000000         66.0000000000000         53.0000000000000    4     0.121939632297947    
     15.0000000000000        -36.0000000000000         66.0000000000000         54.0000000000000    4     0.116860889027015    
     15.0000000000000        -35.0000000000000         66.0000000000000         55.0000000000000    4     0.111849030258850    
     15.0000000000000        -34.0000000000000         66.0000000000000         56.0000000000000    4     0.106902986104155    
     15.0000000000000        -33.0000000000000         66.0000000000000         57.0000000000000    4     0.102020772586042    
     15.0000000000000        -32.0000000000000         66.0000000000000         58.0000000000000    4     0.971998922467343E-01
     15.0000000000000        -31.0000000000000         66.0000000000000         59.0000000000000    4     0.924379338950093E-01
     15.0000000000000        -30.0000000000000         66.0000000000000         60.0000000000000    4     0.877315716932414E-01
     15.0000000000000        -29.0000000000000         66.0000000000000         61.0000000000000    4     0.830739848429417E-01
     15.0000000000000        -28.0000000000000         66.0000000000000         62.0000000000000    2     0.785236353650583E-01
     15.0000000000000        -27.0000000000000         66.0000000000000         63.0000000000000    2     0.742392043985362E-01
     15.0000000000000        -26.0000000000000         66.0000000000000         64.0000000000000    2     0.700445008063661E-01
     15.0000000000000        -25.0000000000000         66.0000000000000         65.0000000000000    2     0.659146386086072E-01
     15.0000000000000        -24.0000000000000         66.0000000000000         66.0000000000000    2     0.618448223232479E-01
     15.0000000000000        -23.0000000000000         66.0000000000000         67.0000000000000    2     0.578342519617312E-01
     15.0000000000000        -22.0000000000000         66.0000000000000         68.0000000000000    2     0.538824870131606E-01
     15.0000000000000        -21.0000000000000         66.0000000000000         69.0000000000000    2     0.499896959677237E-01
     15.0000000000000        -20.0000000000000         66.0000000000000         70.0000000000000    2     0.461575897757504E-01
     15.0000000000000        -19.0000000000000         66.0000000000000         71.0000000000000    2     0.423946469141191E-01
     15.0000000000000        -18.0000000000000         66.0000000000000         72.0000000000000    4     0.385588769041362E-01
     15.0000000000000        -17.0000000000000         66.0000000000000         73.0000000000000    4     0.345772322592507E-01
     15.0000000000000        -16.0000000000000         66.0000000000000         74.0000000000000    4     0.306093425233797E-01
     15.0000000000000        -15.0000000000000         66.0000000000000         75.0000000000000    4     0.266608031819951E-01
     15.0000000000000        -14.0000000000000         66.0000000000000         76.0000000000000    4     0.227318460463797E-01
     15.0000000000000        -13.0000000000000         66.0000000000000         77.0000000000000    4     0.188207496672746E-01
     15.0000000000000        -12.0000000000000         66.0000000000000         78.0000000000000    4     0.149278278675296E-01
     15.0000000000000        -11.0000000000000         66.0000000000000         79.0000000000000    4     0.110631470493955E-01
     15.0000000000000        -10.0000000000000         66.0000000000000         80.0000000000000    4     0.725712056675185E-02
     15.0000000000000        -9.00000000000000         66.0000000000000         81.0000000000000    4     0.355412183166000E-02
     15.0000000000000        -8.00000000000000         66.0000000000000         82.0000000000000    4    -0.247619994578086E-04
     15.0000000000000        -7.00000000000000         66.0000000000000         83.0000000000000    3    -0.247047325461973E-02
     15.0000000000000        -6.00000000000000         66.0000000000000         84.0000000000000    3    -0.427634565748884E-02
     15.0000000000000        -5.00000000000000         66.0000000000000         85.0000000000000    3    -0.610982233340105E-02
     15.0000000000000        -4.00000000000000         66.0000000000000         86.0000000000000    3    -0.792851673225568E-02
     15.0000000000000        -3.00000000000000         66.0000000000000         87.0000000000000    3    -0.974940787638601E-02
     15.0000000000000        -2.00000000000000         66.0000000000000         88.0000000000000    3    -0.116106973719835E-01
     15.0000000000000         0.00000000000000         66.0000000000000         90.0000000000000    4    -0.152977810952248E-01
     15.0000000000000         1.00000000000000         66.0000000000000         91.0000000000000    4    -0.169352897106545E-01
     15.0000000000000         2.00000000000000         66.0000000000000         92.0000000000000    4    -0.184808727014136E-01
     15.0000000000000         3.00000000000000         66.0000000000000         93.0000000000000    4    -0.200780460183861E-01
     15.0000000000000         4.00000000000000         66.0000000000000         94.0000000000000    4    -0.216041139947431E-01
     15.0000000000000         5.00000000000000         66.0000000000000         95.0000000000000    4    -0.230790693678133E-01
     15.0000000000000         6.00000000000000         66.0000000000000         96.0000000000000    4    -0.244849016658311E-01
     15.0000000000000         7.00000000000000         66.0000000000000         97.0000000000000    3    -0.258915638507247E-01
     15.0000000000000         8.00000000000000         66.0000000000000         98.0000000000000    4    -0.272445314933853E-01
     15.0000000000000         9.00000000000000         66.0000000000000         99.0000000000000    4    -0.286228419455393E-01
     15.0000000000000         10.0000000000000         66.0000000000000         100.000000000000    4    -0.300838179360772E-01
     15.0000000000000         11.0000000000000         66.0000000000000         101.000000000000    4    -0.315630740560633E-01
     15.0000000000000         12.0000000000000         66.0000000000000         102.000000000000    4    -0.330443834210061E-01
     15.0000000000000         13.0000000000000         66.0000000000000         103.000000000000    4    -0.345385363595149E-01
     15.0000000000000         14.0000000000000         66.0000000000000         104.000000000000    4    -0.359869488780338E-01
     15.0000000000000         15.0000000000000         66.0000000000000         105.000000000000    4    -0.374306438038307E-01
     15.0000000000000         16.0000000000000         66.0000000000000         106.000000000000    4    -0.388979860755158E-01
     15.0000000000000         17.0000000000000         66.0000000000000         107.000000000000    3    -0.402222178838536E-01
     15.0000000000000         18.0000000000000         66.0000000000000         108.000000000000    3    -0.413102649040687E-01
     15.0000000000000         19.0000000000000         66.0000000000000         109.000000000000    3    -0.423598648032681E-01
     15.0000000000000         20.0000000000000         66.0000000000000         110.000000000000    3    -0.433304839343583E-01
     15.0000000000000         21.0000000000000         66.0000000000000         111.000000000000    3    -0.441835057409920E-01
     15.0000000000000         22.0000000000000         66.0000000000000         112.000000000000    3    -0.449140533247224E-01
     15.0000000000000         23.0000000000000         66.0000000000000         113.000000000000    3    -0.455553508501873E-01
     15.0000000000000         24.0000000000000         66.0000000000000         114.000000000000    3    -0.461255130111657E-01
     15.0000000000000         25.0000000000000         66.0000000000000         115.000000000000    3    -0.466343139459629E-01
     15.0000000000000         26.0000000000000         66.0000000000000         116.000000000000    3    -0.470908691365546E-01
     15.0000000000000         27.0000000000000         66.0000000000000         117.000000000000    3    -0.474878696044508E-01
     15.0000000000000         28.0000000000000         66.0000000000000         118.000000000000    3    -0.478116089817127E-01
     15.0000000000000         29.0000000000000         66.0000000000000         119.000000000000    4    -0.486931728610085E-01
     15.0000000000000         30.0000000000000         66.0000000000000         120.000000000000    4    -0.496038536556332E-01
     15.0000000000000         31.0000000000000         66.0000000000000         121.000000000000    4    -0.504655776031587E-01
     15.0000000000000         32.0000000000000         66.0000000000000         122.000000000000    4    -0.512817888839332E-01
     15.0000000000000         33.0000000000000         66.0000000000000         123.000000000000    4    -0.520654947111715E-01
     15.0000000000000         34.0000000000000         66.0000000000000         124.000000000000    4    -0.528268858658249E-01
     15.0000000000000         35.0000000000000         66.0000000000000         125.000000000000    4    -0.535900330161308E-01
     15.0000000000000         36.0000000000000         66.0000000000000         126.000000000000    4    -0.543667469832902E-01
     15.0000000000000         37.0000000000000         66.0000000000000         127.000000000000    4    -0.551277535744823E-01
     15.0000000000000         38.0000000000000         66.0000000000000         128.000000000000    2    -0.558296027092092E-01
     15.0000000000000         39.0000000000000         66.0000000000000         129.000000000000    2    -0.565240349253257E-01
     15.0000000000000         40.0000000000000         66.0000000000000         130.000000000000    4    -0.570585949149461E-01
     15.0000000000000         41.0000000000000         66.0000000000000         131.000000000000    4    -0.577690700266343E-01
     15.0000000000000         42.0000000000000         66.0000000000000         132.000000000000    4    -0.583233558841320E-01
     15.0000000000000         43.0000000000000         66.0000000000000         133.000000000000    4    -0.588354821524923E-01
     15.0000000000000         44.0000000000000         66.0000000000000         134.000000000000    4    -0.593207284639423E-01
     15.0000000000000         45.0000000000000         66.0000000000000         135.000000000000    4    -0.597780812305692E-01
     15.0000000000000         46.0000000000000         66.0000000000000         136.000000000000    4    -0.602043382869883E-01
     15.0000000000000         47.0000000000000         66.0000000000000         137.000000000000    4    -0.605977510389906E-01
     15.0000000000000         48.0000000000000         66.0000000000000         138.000000000000    4    -0.609594606015294E-01
     15.0000000000000         49.0000000000000         66.0000000000000         139.000000000000    4    -0.612918535435011E-01
     15.0000000000000         50.0000000000000         66.0000000000000         140.000000000000    4    -0.615971401000398E-01
     15.0000000000000         51.0000000000000         66.0000000000000         141.000000000000    4    -0.618772865853204E-01
     15.0000000000000         52.0000000000000         66.0000000000000         142.000000000000    4    -0.621342396304762E-01
     15.0000000000000         53.0000000000000         66.0000000000000         143.000000000000    4    -0.623698888946325E-01
     15.0000000000000         54.0000000000000         66.0000000000000         144.000000000000    4    -0.625859608280648E-01
     15.0000000000000         55.0000000000000         66.0000000000000         145.000000000000    4    -0.627840537392545E-01
     15.0000000000000         56.0000000000000         66.0000000000000         146.000000000000    4    -0.629657070169392E-01
     15.0000000000000         57.0000000000000         66.0000000000000         147.000000000000    4    -0.631323831378895E-01
     15.0000000000000         58.0000000000000         66.0000000000000         148.000000000000    4    -0.632854134133849E-01
     15.0000000000000         59.0000000000000         66.0000000000000         149.000000000000    4    -0.634259931892931E-01
     15.0000000000000         60.0000000000000         66.0000000000000         150.000000000000    4    -0.635552199014325E-01
     15.0000000000000         61.0000000000000         66.0000000000000         151.000000000000    4    -0.636741244540602E-01
     15.0000000000000         62.0000000000000         66.0000000000000         152.000000000000    4    -0.637836795174880E-01
     15.0000000000000         63.0000000000000         66.0000000000000         153.000000000000    4    -0.638847993807392E-01
     15.0000000000000         64.0000000000000         66.0000000000000         154.000000000000    4    -0.639783414457514E-01
     15.0000000000000         65.0000000000000         66.0000000000000         155.000000000000    4    -0.640651097708376E-01
     15.0000000000000         66.0000000000000         66.0000000000000         156.000000000000    4    -0.641458631234667E-01
     15.0000000000000         67.0000000000000         66.0000000000000         157.000000000000    4    -0.642213273796016E-01
     15.0000000000000         68.0000000000000         66.0000000000000         158.000000000000    4    -0.642922015547663E-01
     15.0000000000000         69.0000000000000         66.0000000000000         159.000000000000    4    -0.643591475484534E-01
     15.0000000000000         70.0000000000000         66.0000000000000         160.000000000000    4    -0.644227694704252E-01
     15.0000000000000         71.0000000000000         66.0000000000000         161.000000000000    4    -0.644835970003291E-01
     15.0000000000000         72.0000000000000         66.0000000000000         162.000000000000    4    -0.645420798755001E-01
     15.0000000000000         73.0000000000000         66.0000000000000         163.000000000000    4    -0.645985937551917E-01
     15.0000000000000         74.0000000000000         66.0000000000000         164.000000000000    4    -0.646534587192416E-01
     15.0000000000000         75.0000000000000         66.0000000000000         165.000000000000    4    -0.647069705922821E-01
     15.0000000000000         76.0000000000000         66.0000000000000         166.000000000000    4    -0.647594392942228E-01
     15.0000000000000         77.0000000000000         66.0000000000000         167.000000000000    4    -0.648112250266196E-01
     15.0000000000000         78.0000000000000         66.0000000000000         168.000000000000    4    -0.648627646087722E-01
     15.0000000000000         79.0000000000000         66.0000000000000         169.000000000000    4    -0.649145818310918E-01
     15.0000000000000         80.0000000000000         66.0000000000000         170.000000000000    4    -0.649672697335420E-01
     15.0000000000000         81.0000000000000         66.0000000000000         171.000000000000    4    -0.650214081339839E-01
     15.0000000000000         82.0000000000000         66.0000000000000         172.000000000000    4    -0.650773223797151E-01
     15.0000000000000         83.0000000000000         66.0000000000000         173.000000000000    4    -0.651344690151071E-01
     15.0000000000000         84.0000000000000         66.0000000000000         174.000000000000    5    -0.651777690565901E-01
     15.0000000000000         85.0000000000000         66.0000000000000         175.000000000000    5    -0.649349092074049E-01
     15.0000000000000         86.0000000000000         66.0000000000000         176.000000000000    5    -0.647199602313991E-01
     15.0000000000000         87.0000000000000         66.0000000000000         177.000000000000    9    -0.645277717208547E-01
     15.0000000000000         88.0000000000000         66.0000000000000         178.000000000000    9    -0.643512323427028E-01
     15.0000000000000         89.0000000000000         66.0000000000000         179.000000000000    9    -0.641810194759648E-01
     15.0000000000000         90.0000000000000         66.0000000000000         180.000000000000    9    -0.640166535093133E-01
     15.0000000000000         91.0000000000000         66.0000000000000         181.000000000000    9    -0.638576186391201E-01
     15.0000000000000         92.0000000000000         66.0000000000000         182.000000000000    9    -0.637030624577732E-01
     15.0000000000000         93.0000000000000         66.0000000000000         183.000000000000    9    -0.635481471807374E-01
     15.0000000000000         94.0000000000000         66.0000000000000         184.000000000000    8    -0.634409074597297E-01
     15.0000000000000         95.0000000000000         66.0000000000000         185.000000000000    8    -0.633367791791051E-01
     15.0000000000000         96.0000000000000         66.0000000000000         186.000000000000    8    -0.632324714501546E-01
     15.0000000000000         97.0000000000000         66.0000000000000         187.000000000000    8    -0.631289072687008E-01
     15.0000000000000         98.0000000000000         66.0000000000000         188.000000000000    8    -0.630264461408924E-01
     15.0000000000000         99.0000000000000         66.0000000000000         189.000000000000    8    -0.629252239191770E-01
     15.0000000000000         100.000000000000         66.0000000000000         190.000000000000    8    -0.628252674041235E-01
