x y z l isd potential
      15.0000000000000        -86.0000000000000         66.0000000000000         4.00000000000000    8  0.38441408788062231      
      15.0000000000000        -85.0000000000000         66.0000000000000         5.00000000000000    8  0.38507627057230687      
      15.0000000000000        -84.0000000000000         66.0000000000000         6.00000000000000    8  0.38462586770112750      
      15.0000000000000        -83.0000000000000         66.0000000000000         7.00000000000000    8  0.38287685892763962      
      15.0000000000000        -82.0000000000000         66.0000000000000         8.00000000000000    8  0.37973915468768182      
      15.0000000000000        -81.0000000000000         66.0000000000000         9.00000000000000    8  0.37518887224158526      
      15.0000000000000        -80.0000000000000         66.0000000000000         10.0000000000000    8  0.36925253918726952      
      15.0000000000000        -79.0000000000000         66.0000000000000         11.0000000000000    8  0.36198735083836975      
      15.0000000000000        -78.0000000000000         66.0000000000000         12.0000000000000    8  0.35344929805325470      
      15.0000000000000        -77.0000000000000         66.0000000000000         13.0000000000000    8  0.34411892438957120      
      15.0000000000000        -76.0000000000000         66.0000000000000         14.0000000000000    9  0.33810269608659782      
      15.0000000000000        -75.0000000000000         66.0000000000000         15.0000000000000    9  0.33246637634836218      
      15.0000000000000        -74.0000000000000         66.0000000000000         16.0000000000000    9  0.32624052285438432      
      15.0000000000000        -73.0000000000000         66.0000000000000         17.0000000000000    9  0.31951665890052439      
      15.0000000000000        -72.0000000000000         66.0000000000000         18.0000000000000    9  0.31233153628398597      
      15.0000000000000        -71.0000000000000         66.0000000000000         19.0000000000000    9  0.30467579876674722      
      15.0000000000000        -70.0000000000000         66.0000000000000         20.0000000000000    5  0.29748664614305692      
      15.0000000000000        -69.0000000000000         66.0000000000000         21.0000000000000    5  0.29655348666378112      
      15.0000000000000        -68.0000000000000         66.0000000000000         22.0000000000000    5  0.29583682467105088      
      15.0000000000000        -67.0000000000000         66.0000000000000         23.0000000000000    5  0.29533319395322449      
      15.0000000000000        -66.0000000000000         66.0000000000000         24.0000000000000    4  0.29486064979718651      
      15.0000000000000        -65.0000000000000         66.0000000000000         25.0000000000000    4  0.28841263422838637      
      15.0000000000000        -64.0000000000000         66.0000000000000         26.0000000000000    4  0.28200386492681506      
      15.0000000000000        -63.0000000000000         66.0000000000000         27.0000000000000    4  0.27561328464180551      
      15.0000000000000        -62.0000000000000         66.0000000000000         28.0000000000000    4  0.26923758029399314      
      15.0000000000000        -61.0000000000000         66.0000000000000         29.0000000000000    4  0.26287613722756009      
      15.0000000000000        -60.0000000000000         66.0000000000000         30.0000000000000    4  0.25653038987473342      
      15.0000000000000        -59.0000000000000         66.0000000000000         31.0000000000000    4  0.25020279785263599      
      15.0000000000000        -58.0000000000000         66.0000000000000         32.0000000000000    4  0.24389632378319823      
      15.0000000000000        -57.0000000000000         66.0000000000000         33.0000000000000    4  0.23761421199922894      
      15.0000000000000        -56.0000000000000         66.0000000000000         34.0000000000000    4  0.23135989685727038      
      15.0000000000000        -55.0000000000000         66.0000000000000         35.0000000000000    4  0.22513696177242837      
      15.0000000000000        -54.0000000000000         66.0000000000000         36.0000000000000    4  0.21894911709208675      
      15.0000000000000        -53.0000000000000         66.0000000000000         37.0000000000000    4  0.21280018202218706      
      15.0000000000000        -52.0000000000000         66.0000000000000         38.0000000000000    4  0.20669405969925289      
      15.0000000000000        -51.0000000000000         66.0000000000000         39.0000000000000    4  0.20063469425066341      
      15.0000000000000        -50.0000000000000         66.0000000000000         40.0000000000000    4  0.19462599944405756      
      15.0000000000000        -49.0000000000000         66.0000000000000         41.0000000000000    4  0.18867175362310135      
      15.0000000000000        -48.0000000000000         66.0000000000000         42.0000000000000    4  0.18277546614286289      
      15.0000000000000        -47.0000000000000         66.0000000000000         43.0000000000000    4  0.17694023351676832      
      15.0000000000000        -46.0000000000000         66.0000000000000         44.0000000000000    4  0.17116861261061939      
      15.0000000000000        -45.0000000000000         66.0000000000000         45.0000000000000    4  0.16546254016577505      
      15.0000000000000        -44.0000000000000         66.0000000000000         46.0000000000000    4  0.15982332657684506      
      15.0000000000000        -43.0000000000000         66.0000000000000         47.0000000000000    4  0.15425174359683066      
      15.0000000000000        -42.0000000000000         66.0000000000000         48.0000000000000    4  0.14874818886920449      
      15.0000000000000        -41.0000000000000         66.0000000000000         49.0000000000000    4  0.14331285102841429      
      15.0000000000000        -40.0000000000000         66.0000000000000         50.0000000000000    4  0.13794579161022211      
      15.0000000000000        -39.0000000000000         66.0000000000000         51.0000000000000    4  0.13264694947030437      
      15.0000000000000        -38.0000000000000         66.0000000000000         52.0000000000000    4  0.12741615735640210      
      15.0000000000000        -37.0000000000000         66.0000000000000         53.0000000000000    4  0.12225320981798449      
      15.0000000000000        -36.0000000000000         66.0000000000000         54.0000000000000    4  0.11715788874417804      
      15.0000000000000        -35.0000000000000         66.0000000000000         55.0000000000000    4  0.11212977168124806      
      15.0000000000000        -34.0000000000000         66.0000000000000         56.0000000000000    4  0.10716778635057916      
      15.0000000000000        -33.0000000000000         66.0000000000000         57.0000000000000    4  0.10226994291619229      
      15.0000000000000        -32.0000000000000         66.0000000000000         58.0000000000000    4   9.7433736921357289E-002 
      15.0000000000000        -31.0000000000000         66.0000000000000         59.0000000000000    4   9.2656752478259691E-002 
      15.0000000000000        -30.0000000000000         66.0000000000000         60.0000000000000    4   8.7935658023177946E-002 
      15.0000000000000        -29.0000000000000         66.0000000000000         61.0000000000000    4   8.3263618337252959E-002 
      15.0000000000000        -28.0000000000000         66.0000000000000         62.0000000000000    2   7.8699386852987774E-002 
      15.0000000000000        -27.0000000000000         66.0000000000000         63.0000000000000    2   7.4401967806201341E-002 
      15.0000000000000        -26.0000000000000         66.0000000000000         64.0000000000000    2   7.0194607902649142E-002 
      15.0000000000000        -25.0000000000000         66.0000000000000         65.0000000000000    2   6.6052372593685044E-002 
      15.0000000000000        -24.0000000000000         66.0000000000000         66.0000000000000    2   6.1970462096427037E-002 
      15.0000000000000        -23.0000000000000         66.0000000000000         67.0000000000000    2   5.7948074099946872E-002 
      15.0000000000000        -22.0000000000000         66.0000000000000         68.0000000000000    2   5.3984763952919575E-002 
      15.0000000000000        -21.0000000000000         66.0000000000000         69.0000000000000    2   5.0080697216802368E-002 
      15.0000000000000        -20.0000000000000         66.0000000000000         70.0000000000000    2   4.6237584381839933E-002 
      15.0000000000000        -19.0000000000000         66.0000000000000         71.0000000000000    2   4.2463910604366099E-002 
      15.0000000000000        -18.0000000000000         66.0000000000000         72.0000000000000    4   3.8616369740942146E-002 
      15.0000000000000        -17.0000000000000         66.0000000000000         73.0000000000000    4   3.4623723148676386E-002 
      15.0000000000000        -16.0000000000000         66.0000000000000         74.0000000000000    4   3.0644902652438952E-002 
      15.0000000000000        -15.0000000000000         66.0000000000000         75.0000000000000    4   2.6685539200851073E-002 
      15.0000000000000        -14.0000000000000         66.0000000000000         76.0000000000000    4   2.2745869916616562E-002 
      15.0000000000000        -13.0000000000000         66.0000000000000         77.0000000000000    4   1.8824167599546627E-002 
      15.0000000000000        -12.0000000000000         66.0000000000000         78.0000000000000    4   1.4920742101158100E-002 
      15.0000000000000        -11.0000000000000         66.0000000000000         79.0000000000000    4   1.1045685426963750E-002 
      15.0000000000000        -10.0000000000000         66.0000000000000         80.0000000000000    4   7.2295103385735214E-003 
      15.0000000000000        -9.00000000000000         66.0000000000000         81.0000000000000    4   3.5167350109046721E-003 
      15.0000000000000        -8.00000000000000         66.0000000000000         82.0000000000000    4  -7.1529248565328435E-005 
      15.0000000000000        -7.00000000000000         66.0000000000000         83.0000000000000    3  -2.5233114358195387E-003 
      15.0000000000000        -6.00000000000000         66.0000000000000         84.0000000000000    3  -4.3335894092129453E-003 
      15.0000000000000        -5.00000000000000         66.0000000000000         85.0000000000000    3  -6.1715211306324416E-003 
      15.0000000000000        -4.00000000000000         66.0000000000000         86.0000000000000    3  -7.9946305536510130E-003 
      15.0000000000000        -3.00000000000000         66.0000000000000         87.0000000000000    3  -9.8199087561850907E-003 
      15.0000000000000        -2.00000000000000         66.0000000000000         88.0000000000000    3  -1.1685630192871416E-002 
      15.0000000000000         0.00000000000000         66.0000000000000         90.0000000000000    4  -1.5380849105867357E-002 
      15.0000000000000         1.00000000000000         66.0000000000000         91.0000000000000    4  -1.7022001066550833E-002 
      15.0000000000000         2.00000000000000         66.0000000000000         92.0000000000000    4  -1.8570949370863739E-002 
      15.0000000000000         3.00000000000000         66.0000000000000         93.0000000000000    4  -2.0171490427217907E-002 
      15.0000000000000         4.00000000000000         66.0000000000000         94.0000000000000    4  -2.1700539551600988E-002 
      15.0000000000000         5.00000000000000         66.0000000000000         95.0000000000000    4  -2.3178176654519912E-002 
      15.0000000000000         6.00000000000000         66.0000000000000         96.0000000000000    4  -2.4586423960980573E-002 
      15.0000000000000         7.00000000000000         66.0000000000000         97.0000000000000    3  -2.5996722156151699E-002 
      15.0000000000000         8.00000000000000         66.0000000000000         98.0000000000000    4  -2.7351482265320828E-002 
      15.0000000000000         9.00000000000000         66.0000000000000         99.0000000000000    4  -2.8733051174095907E-002 
      15.0000000000000         10.0000000000000         66.0000000000000         100.000000000000    4  -3.0196756141023059E-002 
      15.0000000000000         11.0000000000000         66.0000000000000         101.000000000000    4  -3.1678433645019745E-002 
      15.0000000000000         12.0000000000000         66.0000000000000         102.000000000000    4  -3.3162308423860518E-002 
      15.0000000000000         13.0000000000000         66.0000000000000         103.000000000000    4  -3.4659275496311565E-002 
      15.0000000000000         14.0000000000000         66.0000000000000         104.000000000000    4  -3.6110279367098583E-002 
      15.0000000000000         15.0000000000000         66.0000000000000         105.000000000000    4  -3.7556466037595701E-002 
      15.0000000000000         16.0000000000000         66.0000000000000         106.000000000000    4  -3.9026353169772189E-002 
      15.0000000000000         17.0000000000000         66.0000000000000         107.000000000000    3  -4.0352277016582623E-002 
      15.0000000000000         18.0000000000000         66.0000000000000         108.000000000000    3  -4.1441811060777531E-002 
      15.0000000000000         19.0000000000000         66.0000000000000         109.000000000000    3  -4.2492782950020687E-002 
      15.0000000000000         20.0000000000000         66.0000000000000         110.000000000000    3  -4.3464537755094831E-002 
      15.0000000000000         21.0000000000000         66.0000000000000         111.000000000000    3  -4.4318284118901916E-002 
      15.0000000000000         22.0000000000000         66.0000000000000         112.000000000000    3  -4.5049263812216286E-002 
      15.0000000000000         23.0000000000000         66.0000000000000         113.000000000000    3  -4.5690779854885712E-002 
      15.0000000000000         24.0000000000000         66.0000000000000         114.000000000000    3  -4.6261003916277729E-002 
      15.0000000000000         25.0000000000000         66.0000000000000         115.000000000000    3  -4.6769741522999599E-002 
      15.0000000000000         26.0000000000000         66.0000000000000         116.000000000000    3  -4.7226140958538630E-002 
      15.0000000000000         27.0000000000000         66.0000000000000         117.000000000000    3  -4.7622886831028881E-002 
      15.0000000000000         28.0000000000000         66.0000000000000         118.000000000000    3  -4.7946081238780983E-002 
      15.0000000000000         29.0000000000000         66.0000000000000         119.000000000000    4  -4.8828910249874583E-002 
      15.0000000000000         30.0000000000000         66.0000000000000         120.000000000000    4  -4.9740423772890750E-002 
      15.0000000000000         31.0000000000000         66.0000000000000         121.000000000000    4  -5.0602921455660310E-002 
      15.0000000000000         32.0000000000000         66.0000000000000         122.000000000000    4  -5.1419854374138978E-002 
      15.0000000000000         33.0000000000000         66.0000000000000         123.000000000000    4  -5.2204200662141667E-002 
      15.0000000000000         34.0000000000000         66.0000000000000         124.000000000000    4  -5.2966191650490067E-002 
      15.0000000000000         35.0000000000000         66.0000000000000         125.000000000000    4  -5.3730008444649688E-002 
      15.0000000000000         36.0000000000000         66.0000000000000         126.000000000000    4  -5.4507441100914891E-002 
      15.0000000000000         37.0000000000000         66.0000000000000         127.000000000000    4  -5.5269002392063185E-002 
      15.0000000000000         38.0000000000000         66.0000000000000         128.000000000000    2  -5.5970191023804704E-002 
      15.0000000000000         39.0000000000000         66.0000000000000         129.000000000000    2  -5.6665083479158197E-002 
      15.0000000000000         40.0000000000000         66.0000000000000         130.000000000000    4  -5.7199510195670017E-002 
      15.0000000000000         41.0000000000000         66.0000000000000         131.000000000000    4  -5.7910448306585025E-002 
      15.0000000000000         42.0000000000000         66.0000000000000         132.000000000000    4  -5.8464488417559468E-002 
      15.0000000000000         43.0000000000000         66.0000000000000         133.000000000000    4  -5.8976232789318635E-002 
      15.0000000000000         44.0000000000000         66.0000000000000         134.000000000000    4  -5.9461061047840547E-002 
      15.0000000000000         45.0000000000000         66.0000000000000         135.000000000000    4  -5.9917951701562194E-002 
      15.0000000000000         46.0000000000000         66.0000000000000         136.000000000000    4  -6.0343689332437930E-002 
      15.0000000000000         47.0000000000000         66.0000000000000         137.000000000000    4  -6.0736515743452957E-002 
      15.0000000000000         48.0000000000000         66.0000000000000         138.000000000000    4  -6.1097574958437179E-002 
      15.0000000000000         49.0000000000000         66.0000000000000         139.000000000000    4  -6.1429264540202429E-002 
      15.0000000000000         50.0000000000000         66.0000000000000         140.000000000000    4  -6.1733805517047387E-002 
      15.0000000000000         51.0000000000000         66.0000000000000         141.000000000000    4  -6.2013172415629092E-002 
      15.0000000000000         52.0000000000000         66.0000000000000         142.000000000000    4  -6.2269317715417480E-002 
      15.0000000000000         53.0000000000000         66.0000000000000         143.000000000000    4  -6.2504135089573892E-002 
      15.0000000000000         54.0000000000000         66.0000000000000         144.000000000000    4  -6.2719353854649301E-002 
      15.0000000000000         55.0000000000000         66.0000000000000         145.000000000000    4  -6.2916574702106362E-002 
      15.0000000000000         56.0000000000000         66.0000000000000         146.000000000000    4  -6.3097339226848750E-002 
      15.0000000000000         57.0000000000000         66.0000000000000         147.000000000000    4  -6.3263111892516669E-002 
      15.0000000000000         58.0000000000000         66.0000000000000         148.000000000000    4  -6.3415225718899695E-002 
      15.0000000000000         59.0000000000000         66.0000000000000         149.000000000000    4  -6.3554877614026450E-002 
      15.0000000000000         60.0000000000000         66.0000000000000         150.000000000000    4  -6.3683166643327585E-002 
      15.0000000000000         61.0000000000000         66.0000000000000         151.000000000000    4  -6.3801125501115566E-002 
      15.0000000000000         62.0000000000000         66.0000000000000         152.000000000000    4  -6.3909728725506890E-002 
      15.0000000000000         63.0000000000000         66.0000000000000         153.000000000000    4  -6.4009892393802698E-002 
      15.0000000000000         64.0000000000000         66.0000000000000         154.000000000000    4  -6.4102475496937900E-002 
      15.0000000000000         65.0000000000000         66.0000000000000         155.000000000000    4  -6.4188283436964047E-002 
      15.0000000000000         66.0000000000000         66.0000000000000         156.000000000000    4  -6.4268076089435647E-002 
      15.0000000000000         67.0000000000000         66.0000000000000         157.000000000000    4  -6.4342580235215066E-002 
      15.0000000000000         68.0000000000000         66.0000000000000         158.000000000000    4  -6.4412495611679527E-002 
      15.0000000000000         69.0000000000000         66.0000000000000         159.000000000000    4  -6.4478484640227957E-002 
      15.0000000000000         70.0000000000000         66.0000000000000         160.000000000000    4  -6.4541151712307898E-002 
      15.0000000000000         71.0000000000000         66.0000000000000         161.000000000000    4  -6.4601026529146358E-002 
      15.0000000000000         72.0000000000000         66.0000000000000         162.000000000000    4  -6.4658558602833538E-002 
      15.0000000000000         73.0000000000000         66.0000000000000         163.000000000000    4  -6.4714123123912198E-002 
      15.0000000000000         74.0000000000000         66.0000000000000         164.000000000000    4  -6.4768039419469292E-002 
      15.0000000000000         75.0000000000000         66.0000000000000         165.000000000000    4  -6.4820602229107682E-002 
      15.0000000000000         76.0000000000000         66.0000000000000         166.000000000000    4  -6.4872120068011296E-002 
      15.0000000000000         77.0000000000000         66.0000000000000         167.000000000000    4  -6.4922951515553246E-002 
      15.0000000000000         78.0000000000000         66.0000000000000         168.000000000000    4  -6.4973531727901740E-002 
      15.0000000000000         79.0000000000000         66.0000000000000         169.000000000000    4  -6.5024383027225630E-002 
      15.0000000000000         80.0000000000000         66.0000000000000         170.000000000000    4  -6.5076097477653527E-002 
      15.0000000000000         81.0000000000000         66.0000000000000         171.000000000000    4  -6.5129254773806405E-002 
      15.0000000000000         82.0000000000000         66.0000000000000         172.000000000000    4  -6.5184181628160212E-002 
      15.0000000000000         83.0000000000000         66.0000000000000         173.000000000000    4  -6.5240340528837759E-002 
      15.0000000000000         84.0000000000000         66.0000000000000         174.000000000000    5  -6.5282174446536792E-002 
      15.0000000000000         85.0000000000000         66.0000000000000         175.000000000000    5  -6.5038883387356972E-002 
      15.0000000000000         86.0000000000000         66.0000000000000         176.000000000000    5  -6.4823538995925634E-002 
      15.0000000000000         87.0000000000000         66.0000000000000         177.000000000000    9  -6.4630732360989901E-002 
      15.0000000000000         88.0000000000000         66.0000000000000         178.000000000000    9  -6.4454363110428833E-002 
      15.0000000000000         89.0000000000000         66.0000000000000         179.000000000000    9  -6.4284234492860831E-002 
      15.0000000000000         90.0000000000000         66.0000000000000         180.000000000000    9  -6.4119884852854553E-002 
      15.0000000000000         91.0000000000000         66.0000000000000         181.000000000000    9  -6.3960808640767405E-002 
      15.0000000000000         92.0000000000000         66.0000000000000         182.000000000000    9  -6.3806158072347227E-002 
      15.0000000000000         93.0000000000000         66.0000000000000         183.000000000000    9  -6.3651032502641869E-002 
      15.0000000000000         94.0000000000000         66.0000000000000         184.000000000000    8  -6.3543808672371846E-002 
      15.0000000000000         95.0000000000000         66.0000000000000         185.000000000000    8  -6.3439603602789274E-002 
      15.0000000000000         96.0000000000000         66.0000000000000         186.000000000000    8  -6.3335194650633017E-002 
      15.0000000000000         97.0000000000000         66.0000000000000         187.000000000000    8  -6.3231497680131407E-002 
      15.0000000000000         98.0000000000000         66.0000000000000         188.000000000000    8  -6.3128866922214588E-002 
      15.0000000000000         99.0000000000000         66.0000000000000         189.000000000000    8  -6.3027433698818275E-002 
      15.0000000000000         100.000000000000         66.0000000000000         190.000000000000    8  -6.2927219376290311E-002 
