x y z l isd potential
     -71.0000000000000         25.0000000000000         66.0000000000000         9.00000000000000    8  -3.0888821026501471E-002 
     -70.0000000000000         25.0000000000000         66.0000000000000         10.0000000000000    8  -3.1098885796857531E-002 
     -69.0000000000000         25.0000000000000         66.0000000000000         11.0000000000000    8  -3.1310089119140183E-002 
     -68.0000000000000         25.0000000000000         66.0000000000000         12.0000000000000    8  -3.1519466091058976E-002 
     -67.0000000000000         25.0000000000000         66.0000000000000         13.0000000000000    8  -3.1726277763177831E-002 
     -66.0000000000000         25.0000000000000         66.0000000000000         14.0000000000000    8  -3.1930412454783806E-002 
     -65.0000000000000         25.0000000000000         66.0000000000000         15.0000000000000    8  -3.2132083737596281E-002 
     -64.0000000000000         25.0000000000000         66.0000000000000         16.0000000000000    8  -3.2332203912280158E-002 
     -63.0000000000000         25.0000000000000         66.0000000000000         17.0000000000000    8  -3.2534351060391570E-002 
     -62.0000000000000         25.0000000000000         66.0000000000000         18.0000000000000    9  -3.2713714915217462E-002 
     -61.0000000000000         25.0000000000000         66.0000000000000         19.0000000000000    9  -3.2855000879030719E-002 
     -60.0000000000000         25.0000000000000         66.0000000000000         20.0000000000000    9  -3.2988515028192694E-002 
     -59.0000000000000         25.0000000000000         66.0000000000000         21.0000000000000    9  -3.3118955096399769E-002 
     -58.0000000000000         25.0000000000000         66.0000000000000         22.0000000000000    9  -3.3243838914999949E-002 
     -57.0000000000000         25.0000000000000         66.0000000000000         23.0000000000000    9  -3.3361849448248979E-002 
     -56.0000000000000         25.0000000000000         66.0000000000000         24.0000000000000    9  -3.3472104996269611E-002 
     -55.0000000000000         25.0000000000000         66.0000000000000         25.0000000000000    5  -3.3583169438115498E-002 
     -54.0000000000000         25.0000000000000         66.0000000000000         26.0000000000000    5  -3.3709040806764588E-002 
     -53.0000000000000         25.0000000000000         66.0000000000000         27.0000000000000    4  -3.4007397209060056E-002 
     -52.0000000000000         25.0000000000000         66.0000000000000         28.0000000000000    4  -3.4358048304864816E-002 
     -51.0000000000000         25.0000000000000         66.0000000000000         29.0000000000000    4  -3.4717191803543657E-002 
     -50.0000000000000         25.0000000000000         66.0000000000000         30.0000000000000    4  -3.5078411175755310E-002 
     -49.0000000000000         25.0000000000000         66.0000000000000         31.0000000000000    4  -3.5440162071114674E-002 
     -48.0000000000000         25.0000000000000         66.0000000000000         32.0000000000000    4  -3.5802174316404187E-002 
     -47.0000000000000         25.0000000000000         66.0000000000000         33.0000000000000    4  -3.6164501325112966E-002 
     -46.0000000000000         25.0000000000000         66.0000000000000         34.0000000000000    4  -3.6527259659728417E-002 
     -45.0000000000000         25.0000000000000         66.0000000000000         35.0000000000000    4  -3.6890566128803828E-002 
     -44.0000000000000         25.0000000000000         66.0000000000000         36.0000000000000    4  -3.7254533975693463E-002 
     -43.0000000000000         25.0000000000000         66.0000000000000         37.0000000000000    4  -3.7619288313315929E-002 
     -42.0000000000000         25.0000000000000         66.0000000000000         38.0000000000000    4  -3.7984989968839672E-002 
     -41.0000000000000         25.0000000000000         66.0000000000000         39.0000000000000    4  -3.8351864221185153E-002 
     -40.0000000000000         25.0000000000000         66.0000000000000         40.0000000000000    4  -3.8720227203618507E-002 
     -39.0000000000000         25.0000000000000         66.0000000000000         41.0000000000000    4  -3.9090480864737702E-002 
     -38.0000000000000         25.0000000000000         66.0000000000000         42.0000000000000    4  -3.9462955539840958E-002 
     -37.0000000000000         25.0000000000000         66.0000000000000         43.0000000000000    4  -3.9836609624597397E-002 
     -36.0000000000000         25.0000000000000         66.0000000000000         44.0000000000000    2  -4.0197689813379046E-002 
     -35.0000000000000         25.0000000000000         66.0000000000000         45.0000000000000    2  -4.0518241616344965E-002 
     -34.0000000000000         25.0000000000000         66.0000000000000         46.0000000000000    2  -4.0829901809306936E-002 
     -33.0000000000000         25.0000000000000         66.0000000000000         47.0000000000000    2  -4.1134964205405099E-002 
     -32.0000000000000         25.0000000000000         66.0000000000000         48.0000000000000    2  -4.1433758729731172E-002 
     -31.0000000000000         25.0000000000000         66.0000000000000         49.0000000000000    2  -4.1726370797174485E-002 
     -30.0000000000000         25.0000000000000         66.0000000000000         50.0000000000000    2  -4.2012708071354848E-002 
     -29.0000000000000         25.0000000000000         66.0000000000000         51.0000000000000    2  -4.2292500821408278E-002 
     -28.0000000000000         25.0000000000000         66.0000000000000         52.0000000000000    2  -4.2565358191418795E-002 
     -27.0000000000000         25.0000000000000         66.0000000000000         53.0000000000000    2  -4.2830816016580647E-002 
     -26.0000000000000         25.0000000000000         66.0000000000000         54.0000000000000    2  -4.3088358317727483E-002 
     -25.0000000000000         25.0000000000000         66.0000000000000         55.0000000000000    2  -4.3337425070309250E-002 
     -24.0000000000000         25.0000000000000         66.0000000000000         56.0000000000000    2  -4.3577413020593592E-002 
     -23.0000000000000         25.0000000000000         66.0000000000000         57.0000000000000    2  -4.3807670745383505E-002 
     -22.0000000000000         25.0000000000000         66.0000000000000         58.0000000000000    2  -4.4027488855545582E-002 
     -21.0000000000000         25.0000000000000         66.0000000000000         59.0000000000000    2  -4.4236086306404521E-002 
     -20.0000000000000         25.0000000000000         66.0000000000000         60.0000000000000    2  -4.4432594670045393E-002 
     -19.0000000000000         25.0000000000000         66.0000000000000         61.0000000000000    2  -4.4616043638843514E-002 
     -18.0000000000000         25.0000000000000         66.0000000000000         62.0000000000000    2  -4.4785352112051396E-002 
     -17.0000000000000         25.0000000000000         66.0000000000000         63.0000000000000    2  -4.4939331778320990E-002 
     -16.0000000000000         25.0000000000000         66.0000000000000         64.0000000000000    2  -4.5076714873908019E-002 
     -15.0000000000000         25.0000000000000         66.0000000000000         65.0000000000000    2  -4.5196217069151501E-002 
     -14.0000000000000         25.0000000000000         66.0000000000000         66.0000000000000    2  -4.5296622354952479E-002 
     -13.0000000000000         25.0000000000000         66.0000000000000         67.0000000000000    2  -4.5376839074861834E-002 
     -12.0000000000000         25.0000000000000         66.0000000000000         68.0000000000000    2  -4.5435576791342518E-002 
     -11.0000000000000         25.0000000000000         66.0000000000000         69.0000000000000    4  -4.5508235010467211E-002 
     -10.0000000000000         25.0000000000000         66.0000000000000         70.0000000000000    4  -4.5534370369752837E-002 
     -9.00000000000000         25.0000000000000         66.0000000000000         71.0000000000000    4  -4.5590481184159863E-002 
     -8.00000000000000         25.0000000000000         66.0000000000000         72.0000000000000    4  -4.5679543254958578E-002 
     -7.00000000000000         25.0000000000000         66.0000000000000         73.0000000000000    4  -4.5845376651576876E-002 
     -6.00000000000000         25.0000000000000         66.0000000000000         74.0000000000000    4  -4.6144421933245916E-002 
     -5.00000000000000         25.0000000000000         66.0000000000000         75.0000000000000    4  -4.6518116456116941E-002 
     -4.00000000000000         25.0000000000000         66.0000000000000         76.0000000000000    3  -4.6814424087784176E-002 
     -3.00000000000000         25.0000000000000         66.0000000000000         77.0000000000000    3  -4.6703317659858620E-002 
     -2.00000000000000         25.0000000000000         66.0000000000000         78.0000000000000    3  -4.6594356768840994E-002 
     -1.00000000000000         25.0000000000000         66.0000000000000         79.0000000000000    3  -4.6463880313190854E-002 
      0.00000000000000         25.0000000000000         66.0000000000000         80.0000000000000    3  -4.6317035041527108E-002 
      1.00000000000000         25.0000000000000         66.0000000000000         81.0000000000000    3  -4.6164372961966765E-002 
      2.00000000000000         25.0000000000000         66.0000000000000         82.0000000000000    4  -4.6565451716082243E-002 
      3.00000000000000         25.0000000000000         66.0000000000000         83.0000000000000    4  -4.6937353318287731E-002 
      4.00000000000000         25.0000000000000         66.0000000000000         84.0000000000000    4  -4.7145226858131238E-002 
      5.00000000000000         25.0000000000000         66.0000000000000         85.0000000000000    4  -4.7287407554103690E-002 
      6.00000000000000         25.0000000000000         66.0000000000000         86.0000000000000    4  -4.7386719090414059E-002 
      7.00000000000000         25.0000000000000         66.0000000000000         87.0000000000000    4  -4.7447304751861243E-002 
      8.00000000000000         25.0000000000000         66.0000000000000         88.0000000000000    4  -4.7467223343916079E-002 
      9.00000000000000         25.0000000000000         66.0000000000000         89.0000000000000    4  -4.7442265130531618E-002 
      10.0000000000000         25.0000000000000         66.0000000000000         90.0000000000000    4  -4.7363667331067297E-002 
      11.0000000000000         25.0000000000000         66.0000000000000         91.0000000000000    4  -4.7206717083572575E-002 
      12.0000000000000         25.0000000000000         66.0000000000000         92.0000000000000    4  -4.6915177478120788E-002 
      13.0000000000000         25.0000000000000         66.0000000000000         93.0000000000000    4  -4.6371329220320126E-002 
      14.0000000000000         25.0000000000000         66.0000000000000         94.0000000000000    3  -4.6508980035235001E-002 
      15.0000000000000         25.0000000000000         66.0000000000000         95.0000000000000    3  -4.6769741522999599E-002 
      16.0000000000000         25.0000000000000         66.0000000000000         96.0000000000000    3  -4.7030616780991998E-002 
      17.0000000000000         25.0000000000000         66.0000000000000         97.0000000000000    3  -4.7298532700653775E-002 
      18.0000000000000         25.0000000000000         66.0000000000000         98.0000000000000    3  -4.7579183268296868E-002 
      19.0000000000000         25.0000000000000         66.0000000000000         99.0000000000000    4  -4.7796280641650778E-002 
      20.0000000000000         25.0000000000000         66.0000000000000         100.000000000000    4  -4.7439090375398889E-002 
      21.0000000000000         25.0000000000000         66.0000000000000         101.000000000000    4  -4.7291805583809576E-002 
      22.0000000000000         25.0000000000000         66.0000000000000         102.000000000000    4  -4.7304621887681003E-002 
      23.0000000000000         25.0000000000000         66.0000000000000         103.000000000000    4  -4.7419859639023315E-002 
      24.0000000000000         25.0000000000000         66.0000000000000         104.000000000000    2  -4.7616303674554730E-002 
      25.0000000000000         25.0000000000000         66.0000000000000         105.000000000000    2  -4.7809262250712706E-002 
      26.0000000000000         25.0000000000000         66.0000000000000         106.000000000000    2  -4.8004702587447372E-002 
      27.0000000000000         25.0000000000000         66.0000000000000         107.000000000000    2  -4.8183911702308242E-002 
      28.0000000000000         25.0000000000000         66.0000000000000         108.000000000000    2  -4.8341691905619009E-002 
      29.0000000000000         25.0000000000000         66.0000000000000         109.000000000000    2  -4.8477048232089662E-002 
      30.0000000000000         25.0000000000000         66.0000000000000         110.000000000000    2  -4.8590607913372684E-002 
      31.0000000000000         25.0000000000000         66.0000000000000         111.000000000000    2  -4.8684103812264561E-002 
      32.0000000000000         25.0000000000000         66.0000000000000         112.000000000000    2  -4.8760840709134605E-002 
      33.0000000000000         25.0000000000000         66.0000000000000         113.000000000000    2  -4.8826306677279233E-002 
      34.0000000000000         25.0000000000000         66.0000000000000         114.000000000000    2  -4.8891079845596527E-002 
      35.0000000000000         25.0000000000000         66.0000000000000         115.000000000000    4  -4.8812303213266128E-002 
      36.0000000000000         25.0000000000000         66.0000000000000         116.000000000000    4  -4.8744589653921332E-002 
      37.0000000000000         25.0000000000000         66.0000000000000         117.000000000000    4  -4.8672814782187185E-002 
      38.0000000000000         25.0000000000000         66.0000000000000         118.000000000000    4  -4.8592468640620064E-002 
      39.0000000000000         25.0000000000000         66.0000000000000         119.000000000000    4  -4.8500495910606428E-002 
      40.0000000000000         25.0000000000000         66.0000000000000         120.000000000000    4  -4.8396054483112932E-002 
      41.0000000000000         25.0000000000000         66.0000000000000         121.000000000000    4  -4.8279499285293771E-002 
      42.0000000000000         25.0000000000000         66.0000000000000         122.000000000000    4  -4.8151538506708023E-002 
      43.0000000000000         25.0000000000000         66.0000000000000         123.000000000000    4  -4.8012843183668129E-002 
      44.0000000000000         25.0000000000000         66.0000000000000         124.000000000000    4  -4.7864028498194822E-002 
      45.0000000000000         25.0000000000000         66.0000000000000         125.000000000000    4  -4.7705710501902081E-002 
      46.0000000000000         25.0000000000000         66.0000000000000         126.000000000000    4  -4.7538507085070042E-002 
      47.0000000000000         25.0000000000000         66.0000000000000         127.000000000000    4  -4.7363014199029260E-002 
      48.0000000000000         25.0000000000000         66.0000000000000         128.000000000000    4  -4.7179797225977621E-002 
      49.0000000000000         25.0000000000000         66.0000000000000         129.000000000000    4  -4.6989401219673460E-002 
      50.0000000000000         25.0000000000000         66.0000000000000         130.000000000000    4  -4.6792370468001207E-002 
      51.0000000000000         25.0000000000000         66.0000000000000         131.000000000000    4  -4.6589269023167575E-002 
      52.0000000000000         25.0000000000000         66.0000000000000         132.000000000000    4  -4.6380697231332001E-002 
      53.0000000000000         25.0000000000000         66.0000000000000         133.000000000000    4  -4.6167303391061107E-002 
      54.0000000000000         25.0000000000000         66.0000000000000         134.000000000000    4  -4.5949793070529307E-002 
      55.0000000000000         25.0000000000000         66.0000000000000         135.000000000000    4  -4.5728940077337236E-002 
      56.0000000000000         25.0000000000000         66.0000000000000         136.000000000000    4  -4.5505603326699465E-002 
      57.0000000000000         25.0000000000000         66.0000000000000         137.000000000000    4  -4.5280753833795435E-002 
      58.0000000000000         25.0000000000000         66.0000000000000         138.000000000000    4  -4.5055516234083715E-002 
      59.0000000000000         25.0000000000000         66.0000000000000         139.000000000000    4  -4.4831230318912937E-002 
      60.0000000000000         25.0000000000000         66.0000000000000         140.000000000000    4  -4.4609542526799509E-002 
      61.0000000000000         25.0000000000000         66.0000000000000         141.000000000000    4  -4.4392561265257903E-002 
      62.0000000000000         25.0000000000000         66.0000000000000         142.000000000000    4  -4.4183285471037399E-002 
      63.0000000000000         25.0000000000000         66.0000000000000         143.000000000000    4  -4.3987926055076232E-002 
      64.0000000000000         25.0000000000000         66.0000000000000         144.000000000000    5  -4.3802661518635974E-002 
      65.0000000000000         25.0000000000000         66.0000000000000         145.000000000000    5  -4.3647296660160526E-002 
      66.0000000000000         25.0000000000000         66.0000000000000         146.000000000000    5  -4.3505891053939594E-002 
      67.0000000000000         25.0000000000000         66.0000000000000         147.000000000000    9  -4.3313777680872280E-002 
      68.0000000000000         25.0000000000000         66.0000000000000         148.000000000000    9  -4.3095613391010784E-002 
      69.0000000000000         25.0000000000000         66.0000000000000         149.000000000000    9  -4.2875532882916609E-002 
      70.0000000000000         25.0000000000000         66.0000000000000         150.000000000000    9  -4.2660423155497076E-002 
      71.0000000000000         25.0000000000000         66.0000000000000         151.000000000000    9  -4.2448745340730135E-002 
      72.0000000000000         25.0000000000000         66.0000000000000         152.000000000000    9  -4.2238686547638751E-002 
      73.0000000000000         25.0000000000000         66.0000000000000         153.000000000000    9  -4.2027827358447498E-002 
      74.0000000000000         25.0000000000000         66.0000000000000         154.000000000000    8  -4.1776147138067377E-002 
      75.0000000000000         25.0000000000000         66.0000000000000         155.000000000000    8  -4.1501028475525913E-002 
      76.0000000000000         25.0000000000000         66.0000000000000         156.000000000000    8  -4.1225821348756644E-002 
      77.0000000000000         25.0000000000000         66.0000000000000         157.000000000000    8  -4.0953501085146560E-002 
      78.0000000000000         25.0000000000000         66.0000000000000         158.000000000000    8  -4.0685143410952668E-002 
      79.0000000000000         25.0000000000000         66.0000000000000         159.000000000000    8  -4.0421111696174232E-002 
      80.0000000000000         25.0000000000000         66.0000000000000         160.000000000000    8  -4.0161543946162212E-002 
      81.0000000000000         25.0000000000000         66.0000000000000         161.000000000000    8  -3.9906625084763066E-002 
      82.0000000000000         25.0000000000000         66.0000000000000         162.000000000000    8  -3.9657121781717965E-002 
      83.0000000000000         25.0000000000000         66.0000000000000         163.000000000000    8  -3.9413400032553871E-002 
