x y z l isd potential
      15.0000000000000        -86.0000000000000         66.0000000000000         4.00000000000000    8   1.9846401181333169      
      15.0000000000000        -85.0000000000000         66.0000000000000         5.00000000000000    8   1.9845933200690209      
      15.0000000000000        -84.0000000000000         66.0000000000000         6.00000000000000    8   1.9846176025836584      
      15.0000000000000        -83.0000000000000         66.0000000000000         7.00000000000000    8   1.9846041753554879      
      15.0000000000000        -82.0000000000000         66.0000000000000         8.00000000000000    8   1.9846137445053946      
      15.0000000000000        -81.0000000000000         66.0000000000000         9.00000000000000    8   1.9846231830289394      
      15.0000000000000        -80.0000000000000         66.0000000000000         10.0000000000000    8   1.9846240793545693      
      15.0000000000000        -79.0000000000000         66.0000000000000         11.0000000000000    8   1.9846230148552226      
      15.0000000000000        -78.0000000000000         66.0000000000000         12.0000000000000    8   1.9846203003224567      
      15.0000000000000        -77.0000000000000         66.0000000000000         13.0000000000000    8   1.9846135890229948      
      15.0000000000000        -76.0000000000000         66.0000000000000         14.0000000000000    9   1.9846155330501090      
      15.0000000000000        -75.0000000000000         66.0000000000000         15.0000000000000    9   1.9846130537675295      
      15.0000000000000        -74.0000000000000         66.0000000000000         16.0000000000000    9   1.9846165749218654      
      15.0000000000000        -73.0000000000000         66.0000000000000         17.0000000000000    9   1.9846130226966858      
      15.0000000000000        -72.0000000000000         66.0000000000000         18.0000000000000    9   1.9846161058648895      
      15.0000000000000        -71.0000000000000         66.0000000000000         19.0000000000000    9   1.9846155595522141      
      15.0000000000000        -70.0000000000000         66.0000000000000         20.0000000000000    5   1.9846152656383222      
      15.0000000000000        -69.0000000000000         66.0000000000000         21.0000000000000    5   1.9846146956710373      
      15.0000000000000        -68.0000000000000         66.0000000000000         22.0000000000000    5   1.9846150401317213      
      15.0000000000000        -67.0000000000000         66.0000000000000         23.0000000000000    5   1.9846149923700478      
      15.0000000000000        -66.0000000000000         66.0000000000000         24.0000000000000    4   1.9846168243030282      
      15.0000000000000        -65.0000000000000         66.0000000000000         25.0000000000000    4   1.9846163854019803      
      15.0000000000000        -64.0000000000000         66.0000000000000         26.0000000000000    4   1.9846166563767313      
      15.0000000000000        -63.0000000000000         66.0000000000000         27.0000000000000    4   1.9846167515982067      
      15.0000000000000        -62.0000000000000         66.0000000000000         28.0000000000000    4   1.9846171832573094      
      15.0000000000000        -61.0000000000000         66.0000000000000         29.0000000000000    4   1.9846176580010901      
      15.0000000000000        -60.0000000000000         66.0000000000000         30.0000000000000    4   1.9846159243721349      
      15.0000000000000        -59.0000000000000         66.0000000000000         31.0000000000000    4   1.9846167847349871      
      15.0000000000000        -58.0000000000000         66.0000000000000         32.0000000000000    4   1.9846160167056675      
      15.0000000000000        -57.0000000000000         66.0000000000000         33.0000000000000    4   1.9846157406154543      
      15.0000000000000        -56.0000000000000         66.0000000000000         34.0000000000000    4   1.9846148601695208      
      15.0000000000000        -55.0000000000000         66.0000000000000         35.0000000000000    4   1.9846151159629211      
      15.0000000000000        -54.0000000000000         66.0000000000000         36.0000000000000    4   1.9846172086000358      
      15.0000000000000        -53.0000000000000         66.0000000000000         37.0000000000000    4   1.9846147431488883      
      15.0000000000000        -52.0000000000000         66.0000000000000         38.0000000000000    4   1.9846155461112072      
      15.0000000000000        -51.0000000000000         66.0000000000000         39.0000000000000    4   1.9846151603572282      
      15.0000000000000        -50.0000000000000         66.0000000000000         40.0000000000000    4   1.9846138079819058      
      15.0000000000000        -49.0000000000000         66.0000000000000         41.0000000000000    4   1.9846155158284919      
      15.0000000000000        -48.0000000000000         66.0000000000000         42.0000000000000    4   1.9846161778032694      
      15.0000000000000        -47.0000000000000         66.0000000000000         43.0000000000000    4   1.9846163609772012      
      15.0000000000000        -46.0000000000000         66.0000000000000         44.0000000000000    4   1.9846175559152606      
      15.0000000000000        -45.0000000000000         66.0000000000000         45.0000000000000    4   1.9846149379054454      
      15.0000000000000        -44.0000000000000         66.0000000000000         46.0000000000000    4   1.9846145512043867      
      15.0000000000000        -43.0000000000000         66.0000000000000         47.0000000000000    4   1.9846143832175935      
      15.0000000000000        -42.0000000000000         66.0000000000000         48.0000000000000    4   1.9846189318756338      
      15.0000000000000        -41.0000000000000         66.0000000000000         49.0000000000000    4   1.9846165991437326      
      15.0000000000000        -40.0000000000000         66.0000000000000         50.0000000000000    4   1.9846157019872877      
      15.0000000000000        -39.0000000000000         66.0000000000000         51.0000000000000    4   1.9846165431467000      
      15.0000000000000        -38.0000000000000         66.0000000000000         52.0000000000000    4   1.9846136335478346      
      15.0000000000000        -37.0000000000000         66.0000000000000         53.0000000000000    4   1.9846156054951793      
      15.0000000000000        -36.0000000000000         66.0000000000000         54.0000000000000    4   1.9846164766712300      
      15.0000000000000        -35.0000000000000         66.0000000000000         55.0000000000000    4   1.9846142860544664      
      15.0000000000000        -34.0000000000000         66.0000000000000         56.0000000000000    4   1.9846120685067361      
      15.0000000000000        -33.0000000000000         66.0000000000000         57.0000000000000    4   1.9846114881722852      
      15.0000000000000        -32.0000000000000         66.0000000000000         58.0000000000000    4   1.9846175292274066      
      15.0000000000000        -31.0000000000000         66.0000000000000         59.0000000000000    4   1.9846175334097520      
      15.0000000000000        -30.0000000000000         66.0000000000000         60.0000000000000    4   1.9846166491151733      
      15.0000000000000        -29.0000000000000         66.0000000000000         61.0000000000000    4   1.9846162468687860      
      15.0000000000000        -28.0000000000000         66.0000000000000         62.0000000000000    2   1.9846104988131987      
      15.0000000000000        -27.0000000000000         66.0000000000000         63.0000000000000    2   1.9846131035031003      
      15.0000000000000        -26.0000000000000         66.0000000000000         64.0000000000000    2   1.9846186563914787      
      15.0000000000000        -25.0000000000000         66.0000000000000         65.0000000000000    2   1.9846075562813346      
      15.0000000000000        -24.0000000000000         66.0000000000000         66.0000000000000    2   1.9846211642721179      
      15.0000000000000        -23.0000000000000         66.0000000000000         67.0000000000000    2   1.9846046730289661      
      15.0000000000000        -22.0000000000000         66.0000000000000         68.0000000000000    2   1.9846257577644479      
      15.0000000000000        -21.0000000000000         66.0000000000000         69.0000000000000    2   1.9846180246756433      
      15.0000000000000        -20.0000000000000         66.0000000000000         70.0000000000000    2   1.9846021564641736      
      15.0000000000000        -19.0000000000000         66.0000000000000         71.0000000000000    2   1.9846102262356358      
      15.0000000000000        -18.0000000000000         66.0000000000000         72.0000000000000    4   1.9846225465735323      
      15.0000000000000        -17.0000000000000         66.0000000000000         73.0000000000000    4   1.9846425532865768      
      15.0000000000000        -16.0000000000000         66.0000000000000         74.0000000000000    4   1.9846067883723166      
      15.0000000000000        -15.0000000000000         66.0000000000000         75.0000000000000    4   1.9845116989051621      
      15.0000000000000        -14.0000000000000         66.0000000000000         76.0000000000000    4   1.9843410758175619      
      15.0000000000000        -13.0000000000000         66.0000000000000         77.0000000000000    4   1.9617958438302265      
      15.0000000000000        -12.0000000000000         66.0000000000000         78.0000000000000    4   1.9840455279817364      
      15.0000000000000        -11.0000000000000         66.0000000000000         79.0000000000000    4   1.9846136352587547      
      15.0000000000000        -10.0000000000000         66.0000000000000         80.0000000000000    4   1.9846153759181659      
      15.0000000000000        -9.00000000000000         66.0000000000000         81.0000000000000    4   1.9846153779879825      
      15.0000000000000        -8.00000000000000         66.0000000000000         82.0000000000000    4   1.9846153846153853      
      15.0000000000000        -7.00000000000000         66.0000000000000         83.0000000000000    3   1.9846153842487975      
      15.0000000000000        -6.00000000000000         66.0000000000000         84.0000000000000    3   1.9846153874267394      
      15.0000000000000        -5.00000000000000         66.0000000000000         85.0000000000000    3   1.9846153767226433      
      15.0000000000000        -4.00000000000000         66.0000000000000         86.0000000000000    3   1.9846154089926451      
      15.0000000000000        -3.00000000000000         66.0000000000000         87.0000000000000    3   1.9846153913222153      
      15.0000000000000        -2.00000000000000         66.0000000000000         88.0000000000000    3   1.9846153981502612      
      15.0000000000000         0.00000000000000         66.0000000000000         90.0000000000000    4   1.9846153764905252      
      15.0000000000000         1.00000000000000         66.0000000000000         91.0000000000000    4   1.9846153273986573      
      15.0000000000000         2.00000000000000         66.0000000000000         92.0000000000000    4   1.9846153717884245      
      15.0000000000000         3.00000000000000         66.0000000000000         93.0000000000000    4   1.9846155814655144      
      15.0000000000000         4.00000000000000         66.0000000000000         94.0000000000000    4   1.9846156219392237      
      15.0000000000000         5.00000000000000         66.0000000000000         95.0000000000000    4   1.9846153447206734      
      15.0000000000000         6.00000000000000         66.0000000000000         96.0000000000000    4   1.9846152129347212      
      15.0000000000000         7.00000000000000         66.0000000000000         97.0000000000000    3   1.9846154341515265      
      15.0000000000000         8.00000000000000         66.0000000000000         98.0000000000000    4   1.9846158295927545      
      15.0000000000000         9.00000000000000         66.0000000000000         99.0000000000000    4   1.9846154833418059      
      15.0000000000000         10.0000000000000         66.0000000000000         100.000000000000    4   1.9846157723267284      
      15.0000000000000         11.0000000000000         66.0000000000000         101.000000000000    4   1.9846152600697191      
      15.0000000000000         12.0000000000000         66.0000000000000         102.000000000000    4   1.9846155970811927      
      15.0000000000000         13.0000000000000         66.0000000000000         103.000000000000    4   1.9846153083676388      
      15.0000000000000         14.0000000000000         66.0000000000000         104.000000000000    4   1.9846144922966598      
      15.0000000000000         15.0000000000000         66.0000000000000         105.000000000000    4   1.9846153734351808      
      15.0000000000000         16.0000000000000         66.0000000000000         106.000000000000    4   1.9846147363267996      
      15.0000000000000         17.0000000000000         66.0000000000000         107.000000000000    3   1.9846157269427440      
      15.0000000000000         18.0000000000000         66.0000000000000         108.000000000000    3   1.9846166647687513      
      15.0000000000000         19.0000000000000         66.0000000000000         109.000000000000    3   1.9846158811905650      
      15.0000000000000         20.0000000000000         66.0000000000000         110.000000000000    3   1.9846142240772373      
      15.0000000000000         21.0000000000000         66.0000000000000         111.000000000000    3   1.9846147763325983      
      15.0000000000000         22.0000000000000         66.0000000000000         112.000000000000    3   1.9846154494978945      
      15.0000000000000         23.0000000000000         66.0000000000000         113.000000000000    3   1.9846164999273588      
      15.0000000000000         24.0000000000000         66.0000000000000         114.000000000000    3   1.9846148913027228      
      15.0000000000000         25.0000000000000         66.0000000000000         115.000000000000    3   1.9846144310852973      
      15.0000000000000         26.0000000000000         66.0000000000000         116.000000000000    3   1.9846144165550934      
      15.0000000000000         27.0000000000000         66.0000000000000         117.000000000000    3   1.9846132757429780      
      15.0000000000000         28.0000000000000         66.0000000000000         118.000000000000    3   1.9846141900097138      
      15.0000000000000         29.0000000000000         66.0000000000000         119.000000000000    4   1.9846170513068657      
      15.0000000000000         30.0000000000000         66.0000000000000         120.000000000000    4   1.9846181562921710      
      15.0000000000000         31.0000000000000         66.0000000000000         121.000000000000    4   1.9846140757430266      
      15.0000000000000         32.0000000000000         66.0000000000000         122.000000000000    4   1.9846161965223565      
      15.0000000000000         33.0000000000000         66.0000000000000         123.000000000000    4   1.9846173593476453      
      15.0000000000000         34.0000000000000         66.0000000000000         124.000000000000    4   1.9846161460415701      
      15.0000000000000         35.0000000000000         66.0000000000000         125.000000000000    4   1.9846173020176492      
      15.0000000000000         36.0000000000000         66.0000000000000         126.000000000000    4   1.9846162468361481      
      15.0000000000000         37.0000000000000         66.0000000000000         127.000000000000    4   1.9846142698993108      
      15.0000000000000         38.0000000000000         66.0000000000000         128.000000000000    2   1.9846147617025196      
      15.0000000000000         39.0000000000000         66.0000000000000         129.000000000000    2   1.9846184288947990      
      15.0000000000000         40.0000000000000         66.0000000000000         130.000000000000    4   1.9846129460213227      
      15.0000000000000         41.0000000000000         66.0000000000000         131.000000000000    4   1.9846123393862640      
      15.0000000000000         42.0000000000000         66.0000000000000         132.000000000000    4   1.9846165590554499      
      15.0000000000000         43.0000000000000         66.0000000000000         133.000000000000    4   1.9846113997344625      
      15.0000000000000         44.0000000000000         66.0000000000000         134.000000000000    4   1.9846165953407833      
      15.0000000000000         45.0000000000000         66.0000000000000         135.000000000000    4   1.9846153212559858      
      15.0000000000000         46.0000000000000         66.0000000000000         136.000000000000    4   1.9846132786182675      
      15.0000000000000         47.0000000000000         66.0000000000000         137.000000000000    4   1.9846160429022923      
      15.0000000000000         48.0000000000000         66.0000000000000         138.000000000000    4   1.9846153482169822      
      15.0000000000000         49.0000000000000         66.0000000000000         139.000000000000    4   1.9846183681332967      
      15.0000000000000         50.0000000000000         66.0000000000000         140.000000000000    4   1.9846124038487170      
      15.0000000000000         51.0000000000000         66.0000000000000         141.000000000000    4   1.9846164898259042      
      15.0000000000000         52.0000000000000         66.0000000000000         142.000000000000    4   1.9846133301056006      
      15.0000000000000         53.0000000000000         66.0000000000000         143.000000000000    4   1.9846120378384968      
      15.0000000000000         54.0000000000000         66.0000000000000         144.000000000000    4   1.9846105849726918      
      15.0000000000000         55.0000000000000         66.0000000000000         145.000000000000    4   1.9846210691182957      
      15.0000000000000         56.0000000000000         66.0000000000000         146.000000000000    4   1.9846233007933658      
      15.0000000000000         57.0000000000000         66.0000000000000         147.000000000000    4   1.9846181524441442      
      15.0000000000000         58.0000000000000         66.0000000000000         148.000000000000    4   1.9846100419104160      
      15.0000000000000         59.0000000000000         66.0000000000000         149.000000000000    4   1.9846160348264787      
      15.0000000000000         60.0000000000000         66.0000000000000         150.000000000000    4   1.9846064346395933      
      15.0000000000000         61.0000000000000         66.0000000000000         151.000000000000    4   1.9846256150008958      
      15.0000000000000         62.0000000000000         66.0000000000000         152.000000000000    4   1.9846149072644166      
      15.0000000000000         63.0000000000000         66.0000000000000         153.000000000000    4   1.9846111701195197      
      15.0000000000000         64.0000000000000         66.0000000000000         154.000000000000    4   1.9846197694171890      
      15.0000000000000         65.0000000000000         66.0000000000000         155.000000000000    4   1.9846054106417168      
      15.0000000000000         66.0000000000000         66.0000000000000         156.000000000000    4   1.9846223760354293      
      15.0000000000000         67.0000000000000         66.0000000000000         157.000000000000    4   1.9846151521540656      
      15.0000000000000         68.0000000000000         66.0000000000000         158.000000000000    4   1.9846094845285802      
      15.0000000000000         69.0000000000000         66.0000000000000         159.000000000000    4   1.9846173808014456      
      15.0000000000000         70.0000000000000         66.0000000000000         160.000000000000    4   1.9846015274374216      
      15.0000000000000         71.0000000000000         66.0000000000000         161.000000000000    4   1.9846187047952917      
      15.0000000000000         72.0000000000000         66.0000000000000         162.000000000000    4   1.9846240723312869      
      15.0000000000000         73.0000000000000         66.0000000000000         163.000000000000    4   1.9846143512996961      
      15.0000000000000         74.0000000000000         66.0000000000000         164.000000000000    4   1.9846098574345410      
      15.0000000000000         75.0000000000000         66.0000000000000         165.000000000000    4   1.9846072445546861      
      15.0000000000000         76.0000000000000         66.0000000000000         166.000000000000    4   1.9846178671393888      
      15.0000000000000         77.0000000000000         66.0000000000000         167.000000000000    4   1.9846007168383031      
      15.0000000000000         78.0000000000000         66.0000000000000         168.000000000000    4   1.9846147542247436      
      15.0000000000000         79.0000000000000         66.0000000000000         169.000000000000    4   1.9846304327141069      
      15.0000000000000         80.0000000000000         66.0000000000000         170.000000000000    4   1.9846042188227342      
      15.0000000000000         81.0000000000000         66.0000000000000         171.000000000000    4   1.9846173973544008      
      15.0000000000000         82.0000000000000         66.0000000000000         172.000000000000    4   1.9846255945513109      
      15.0000000000000         83.0000000000000         66.0000000000000         173.000000000000    4   1.9846085006908210      
      15.0000000000000         84.0000000000000         66.0000000000000         174.000000000000    5   1.9846143789889628      
      15.0000000000000         85.0000000000000         66.0000000000000         175.000000000000    5   1.9846361278297981      
      15.0000000000000         86.0000000000000         66.0000000000000         176.000000000000    5   1.9846039432745763      
      15.0000000000000         87.0000000000000         66.0000000000000         177.000000000000    9   1.9846059049047051      
      15.0000000000000         88.0000000000000         66.0000000000000         178.000000000000    9   1.9846243797131591      
      15.0000000000000         89.0000000000000         66.0000000000000         179.000000000000    9   1.9846203124520843      
      15.0000000000000         90.0000000000000         66.0000000000000         180.000000000000    9   1.9846182720526186      
      15.0000000000000         91.0000000000000         66.0000000000000         181.000000000000    9   1.9846018266079444      
      15.0000000000000         92.0000000000000         66.0000000000000         182.000000000000    9   1.9846320346954436      
      15.0000000000000         93.0000000000000         66.0000000000000         183.000000000000    9   1.9846235689673573      
      15.0000000000000         94.0000000000000         66.0000000000000         184.000000000000    8   1.9846105094310114      
      15.0000000000000         95.0000000000000         66.0000000000000         185.000000000000    8   1.9846035477430912      
      15.0000000000000         96.0000000000000         66.0000000000000         186.000000000000    8   1.9846317154529078      
      15.0000000000000         97.0000000000000         66.0000000000000         187.000000000000    8   1.9845998647942946      
      15.0000000000000         98.0000000000000         66.0000000000000         188.000000000000    8   1.9846238686265971      
      15.0000000000000         99.0000000000000         66.0000000000000         189.000000000000    8   1.9846091661916789      
      15.0000000000000         100.000000000000         66.0000000000000         190.000000000000    8   1.9846258388670246      
