x y z l isd potential
     -71.0000000000000         25.0000000000000         66.0000000000000         9.00000000000000    8   1.9846157906088626      
     -70.0000000000000         25.0000000000000         66.0000000000000         10.0000000000000    8   1.9846158014598605      
     -69.0000000000000         25.0000000000000         66.0000000000000         11.0000000000000    8   1.9846157718713291      
     -68.0000000000000         25.0000000000000         66.0000000000000         12.0000000000000    8   1.9846157802360285      
     -67.0000000000000         25.0000000000000         66.0000000000000         13.0000000000000    8   1.9846156266326906      
     -66.0000000000000         25.0000000000000         66.0000000000000         14.0000000000000    8   1.9846147336914080      
     -65.0000000000000         25.0000000000000         66.0000000000000         15.0000000000000    8   1.9846158346299971      
     -64.0000000000000         25.0000000000000         66.0000000000000         16.0000000000000    8   1.9846145894026808      
     -63.0000000000000         25.0000000000000         66.0000000000000         17.0000000000000    8   1.9846152528807230      
     -62.0000000000000         25.0000000000000         66.0000000000000         18.0000000000000    9   1.9846154777638252      
     -61.0000000000000         25.0000000000000         66.0000000000000         19.0000000000000    9   1.9846152107599058      
     -60.0000000000000         25.0000000000000         66.0000000000000         20.0000000000000    9   1.9846153150090511      
     -59.0000000000000         25.0000000000000         66.0000000000000         21.0000000000000    9   1.9846153703955469      
     -58.0000000000000         25.0000000000000         66.0000000000000         22.0000000000000    9   1.9846165153100492      
     -57.0000000000000         25.0000000000000         66.0000000000000         23.0000000000000    9   1.9846152124408130      
     -56.0000000000000         25.0000000000000         66.0000000000000         24.0000000000000    9   1.9846163986722218      
     -55.0000000000000         25.0000000000000         66.0000000000000         25.0000000000000    5   1.9846156086288049      
     -54.0000000000000         25.0000000000000         66.0000000000000         26.0000000000000    5   1.9846162198081327      
     -53.0000000000000         25.0000000000000         66.0000000000000         27.0000000000000    4   1.9846163744096217      
     -52.0000000000000         25.0000000000000         66.0000000000000         28.0000000000000    4   1.9846158640431411      
     -51.0000000000000         25.0000000000000         66.0000000000000         29.0000000000000    4   1.9846140447944025      
     -50.0000000000000         25.0000000000000         66.0000000000000         30.0000000000000    4   1.9846160181648249      
     -49.0000000000000         25.0000000000000         66.0000000000000         31.0000000000000    4   1.9846151400918850      
     -48.0000000000000         25.0000000000000         66.0000000000000         32.0000000000000    4   1.9846161362538002      
     -47.0000000000000         25.0000000000000         66.0000000000000         33.0000000000000    4   1.9846147870743018      
     -46.0000000000000         25.0000000000000         66.0000000000000         34.0000000000000    4   1.9846147704102042      
     -45.0000000000000         25.0000000000000         66.0000000000000         35.0000000000000    4   1.9846166650199866      
     -44.0000000000000         25.0000000000000         66.0000000000000         36.0000000000000    4   1.9846154089075296      
     -43.0000000000000         25.0000000000000         66.0000000000000         37.0000000000000    4   1.9846147886106897      
     -42.0000000000000         25.0000000000000         66.0000000000000         38.0000000000000    4   1.9846142403576112      
     -41.0000000000000         25.0000000000000         66.0000000000000         39.0000000000000    4   1.9846148864568338      
     -40.0000000000000         25.0000000000000         66.0000000000000         40.0000000000000    4   1.9846160523333181      
     -39.0000000000000         25.0000000000000         66.0000000000000         41.0000000000000    4   1.9846158329791337      
     -38.0000000000000         25.0000000000000         66.0000000000000         42.0000000000000    4   1.9846160627961376      
     -37.0000000000000         25.0000000000000         66.0000000000000         43.0000000000000    4   1.9846153715545785      
     -36.0000000000000         25.0000000000000         66.0000000000000         44.0000000000000    2   1.9846141283200325      
     -35.0000000000000         25.0000000000000         66.0000000000000         45.0000000000000    2   1.9846169400057436      
     -34.0000000000000         25.0000000000000         66.0000000000000         46.0000000000000    2   1.9846151123774478      
     -33.0000000000000         25.0000000000000         66.0000000000000         47.0000000000000    2   1.9846157375567717      
     -32.0000000000000         25.0000000000000         66.0000000000000         48.0000000000000    2   1.9846156968852837      
     -31.0000000000000         25.0000000000000         66.0000000000000         49.0000000000000    2   1.9846159042749159      
     -30.0000000000000         25.0000000000000         66.0000000000000         50.0000000000000    2   1.9846138242706484      
     -29.0000000000000         25.0000000000000         66.0000000000000         51.0000000000000    2   1.9846156553452110      
     -28.0000000000000         25.0000000000000         66.0000000000000         52.0000000000000    2   1.9846157525404391      
     -27.0000000000000         25.0000000000000         66.0000000000000         53.0000000000000    2   1.9846154570789358      
     -26.0000000000000         25.0000000000000         66.0000000000000         54.0000000000000    2   1.9846148129995129      
     -25.0000000000000         25.0000000000000         66.0000000000000         55.0000000000000    2   1.9846144020253620      
     -24.0000000000000         25.0000000000000         66.0000000000000         56.0000000000000    2   1.9846129364135296      
     -23.0000000000000         25.0000000000000         66.0000000000000         57.0000000000000    2   1.9846142232239388      
     -22.0000000000000         25.0000000000000         66.0000000000000         58.0000000000000    2   1.9846139640349141      
     -21.0000000000000         25.0000000000000         66.0000000000000         59.0000000000000    2   1.9846180647162266      
     -20.0000000000000         25.0000000000000         66.0000000000000         60.0000000000000    2   1.9846174966269414      
     -19.0000000000000         25.0000000000000         66.0000000000000         61.0000000000000    2   1.9846147532841314      
     -18.0000000000000         25.0000000000000         66.0000000000000         62.0000000000000    2   1.9846150369925051      
     -17.0000000000000         25.0000000000000         66.0000000000000         63.0000000000000    2   1.9846151840706237      
     -16.0000000000000         25.0000000000000         66.0000000000000         64.0000000000000    2   1.9846172149536423      
     -15.0000000000000         25.0000000000000         66.0000000000000         65.0000000000000    2   1.9846138361592069      
     -14.0000000000000         25.0000000000000         66.0000000000000         66.0000000000000    2   1.9846151308862094      
     -13.0000000000000         25.0000000000000         66.0000000000000         67.0000000000000    2   1.9846168510631785      
     -12.0000000000000         25.0000000000000         66.0000000000000         68.0000000000000    2   1.9846151256005409      
     -11.0000000000000         25.0000000000000         66.0000000000000         69.0000000000000    4   1.9846145624456106      
     -10.0000000000000         25.0000000000000         66.0000000000000         70.0000000000000    4   1.9846145401149864      
     -9.00000000000000         25.0000000000000         66.0000000000000         71.0000000000000    4   1.9846146019784601      
     -8.00000000000000         25.0000000000000         66.0000000000000         72.0000000000000    4   1.9846158030949947      
     -7.00000000000000         25.0000000000000         66.0000000000000         73.0000000000000    4   1.9846163944485482      
     -6.00000000000000         25.0000000000000         66.0000000000000         74.0000000000000    4   1.9846137703852673      
     -5.00000000000000         25.0000000000000         66.0000000000000         75.0000000000000    4   1.9846141239083823      
     -4.00000000000000         25.0000000000000         66.0000000000000         76.0000000000000    3   1.9846125720638395      
     -3.00000000000000         25.0000000000000         66.0000000000000         77.0000000000000    3   1.9846164673726874      
     -2.00000000000000         25.0000000000000         66.0000000000000         78.0000000000000    3   1.9846149104472848      
     -1.00000000000000         25.0000000000000         66.0000000000000         79.0000000000000    3   1.9846163009175797      
      0.00000000000000         25.0000000000000         66.0000000000000         80.0000000000000    3   1.9846161380631333      
      1.00000000000000         25.0000000000000         66.0000000000000         81.0000000000000    3   1.9846152529920802      
      2.00000000000000         25.0000000000000         66.0000000000000         82.0000000000000    4   1.9846156873407139      
      3.00000000000000         25.0000000000000         66.0000000000000         83.0000000000000    4   1.9846154321648140      
      4.00000000000000         25.0000000000000         66.0000000000000         84.0000000000000    4   1.9846137861699626      
      5.00000000000000         25.0000000000000         66.0000000000000         85.0000000000000    4   1.9846157135033624      
      6.00000000000000         25.0000000000000         66.0000000000000         86.0000000000000    4   1.9846131768370032      
      7.00000000000000         25.0000000000000         66.0000000000000         87.0000000000000    4   1.9846139878856062      
      8.00000000000000         25.0000000000000         66.0000000000000         88.0000000000000    4   1.9846167461314206      
      9.00000000000000         25.0000000000000         66.0000000000000         89.0000000000000    4   1.9846134329174396      
      10.0000000000000         25.0000000000000         66.0000000000000         90.0000000000000    4   1.9846135844351307      
      11.0000000000000         25.0000000000000         66.0000000000000         91.0000000000000    4   1.9846152807763080      
      12.0000000000000         25.0000000000000         66.0000000000000         92.0000000000000    4   1.9846159388622169      
      13.0000000000000         25.0000000000000         66.0000000000000         93.0000000000000    4   1.9846142491089256      
      14.0000000000000         25.0000000000000         66.0000000000000         94.0000000000000    3   1.9846129595854622      
      15.0000000000000         25.0000000000000         66.0000000000000         95.0000000000000    3   1.9846144310852973      
      16.0000000000000         25.0000000000000         66.0000000000000         96.0000000000000    3   1.9846137877421055      
      17.0000000000000         25.0000000000000         66.0000000000000         97.0000000000000    3   1.9846141772926782      
      18.0000000000000         25.0000000000000         66.0000000000000         98.0000000000000    3   1.9846161868803682      
      19.0000000000000         25.0000000000000         66.0000000000000         99.0000000000000    4   1.9846140600287883      
      20.0000000000000         25.0000000000000         66.0000000000000         100.000000000000    4   1.9846154322614158      
      21.0000000000000         25.0000000000000         66.0000000000000         101.000000000000    4   1.9846169551861141      
      22.0000000000000         25.0000000000000         66.0000000000000         102.000000000000    4   1.9846141464902349      
      23.0000000000000         25.0000000000000         66.0000000000000         103.000000000000    4   1.9846171534393928      
      24.0000000000000         25.0000000000000         66.0000000000000         104.000000000000    2   1.9846129822026335      
      25.0000000000000         25.0000000000000         66.0000000000000         105.000000000000    2   1.9846140290247936      
      26.0000000000000         25.0000000000000         66.0000000000000         106.000000000000    2   1.9846157836501688      
      27.0000000000000         25.0000000000000         66.0000000000000         107.000000000000    2   1.9846139757469903      
      28.0000000000000         25.0000000000000         66.0000000000000         108.000000000000    2   1.9846138290789634      
      29.0000000000000         25.0000000000000         66.0000000000000         109.000000000000    2   1.9846143118053701      
      30.0000000000000         25.0000000000000         66.0000000000000         110.000000000000    2   1.9846155606081939      
      31.0000000000000         25.0000000000000         66.0000000000000         111.000000000000    2   1.9846152771333680      
      32.0000000000000         25.0000000000000         66.0000000000000         112.000000000000    2   1.9846163672793147      
      33.0000000000000         25.0000000000000         66.0000000000000         113.000000000000    2   1.9846157505278617      
      34.0000000000000         25.0000000000000         66.0000000000000         114.000000000000    2   1.9846172739882955      
      35.0000000000000         25.0000000000000         66.0000000000000         115.000000000000    4   1.9846178714031464      
      36.0000000000000         25.0000000000000         66.0000000000000         116.000000000000    4   1.9846169653268197      
      37.0000000000000         25.0000000000000         66.0000000000000         117.000000000000    4   1.9846192986167934      
      38.0000000000000         25.0000000000000         66.0000000000000         118.000000000000    4   1.9846122043273531      
      39.0000000000000         25.0000000000000         66.0000000000000         119.000000000000    4   1.9846168013558532      
      40.0000000000000         25.0000000000000         66.0000000000000         120.000000000000    4   1.9846146264387219      
      41.0000000000000         25.0000000000000         66.0000000000000         121.000000000000    4   1.9846140039082925      
      42.0000000000000         25.0000000000000         66.0000000000000         122.000000000000    4   1.9846111243824351      
      43.0000000000000         25.0000000000000         66.0000000000000         123.000000000000    4   1.9846139548595367      
      44.0000000000000         25.0000000000000         66.0000000000000         124.000000000000    4   1.9846164146002112      
      45.0000000000000         25.0000000000000         66.0000000000000         125.000000000000    4   1.9846162961870646      
      46.0000000000000         25.0000000000000         66.0000000000000         126.000000000000    4   1.9846129091483455      
      47.0000000000000         25.0000000000000         66.0000000000000         127.000000000000    4   1.9846133049887089      
      48.0000000000000         25.0000000000000         66.0000000000000         128.000000000000    4   1.9846140145264495      
      49.0000000000000         25.0000000000000         66.0000000000000         129.000000000000    4   1.9846172750750664      
      50.0000000000000         25.0000000000000         66.0000000000000         130.000000000000    4   1.9846161089112915      
      51.0000000000000         25.0000000000000         66.0000000000000         131.000000000000    4   1.9846201385375049      
      52.0000000000000         25.0000000000000         66.0000000000000         132.000000000000    4   1.9846175827402777      
      53.0000000000000         25.0000000000000         66.0000000000000         133.000000000000    4   1.9846208167708146      
      54.0000000000000         25.0000000000000         66.0000000000000         134.000000000000    4   1.9846153378543965      
      55.0000000000000         25.0000000000000         66.0000000000000         135.000000000000    4   1.9846198255519167      
      56.0000000000000         25.0000000000000         66.0000000000000         136.000000000000    4   1.9846184888819383      
      57.0000000000000         25.0000000000000         66.0000000000000         137.000000000000    4   1.9846189417716356      
      58.0000000000000         25.0000000000000         66.0000000000000         138.000000000000    4   1.9846180652546896      
      59.0000000000000         25.0000000000000         66.0000000000000         139.000000000000    4   1.9846113478589873      
      60.0000000000000         25.0000000000000         66.0000000000000         140.000000000000    4   1.9846180427328040      
      61.0000000000000         25.0000000000000         66.0000000000000         141.000000000000    4   1.9846083127339063      
      62.0000000000000         25.0000000000000         66.0000000000000         142.000000000000    4   1.9846124517680630      
      63.0000000000000         25.0000000000000         66.0000000000000         143.000000000000    4   1.9846246654550426      
      64.0000000000000         25.0000000000000         66.0000000000000         144.000000000000    5   1.9846165926986576      
      65.0000000000000         25.0000000000000         66.0000000000000         145.000000000000    5   1.9846198539612983      
      66.0000000000000         25.0000000000000         66.0000000000000         146.000000000000    5   1.9846105823304321      
      67.0000000000000         25.0000000000000         66.0000000000000         147.000000000000    9   1.9846155365785534      
      68.0000000000000         25.0000000000000         66.0000000000000         148.000000000000    9   1.9846096099800126      
      69.0000000000000         25.0000000000000         66.0000000000000         149.000000000000    9   1.9846153235688360      
      70.0000000000000         25.0000000000000         66.0000000000000         150.000000000000    9   1.9846203057129475      
      71.0000000000000         25.0000000000000         66.0000000000000         151.000000000000    9   1.9846124828301750      
      72.0000000000000         25.0000000000000         66.0000000000000         152.000000000000    9   1.9846306160104112      
      73.0000000000000         25.0000000000000         66.0000000000000         153.000000000000    9   1.9846174225640194      
      74.0000000000000         25.0000000000000         66.0000000000000         154.000000000000    8   1.9846150033664895      
      75.0000000000000         25.0000000000000         66.0000000000000         155.000000000000    8   1.9846160471034304      
      76.0000000000000         25.0000000000000         66.0000000000000         156.000000000000    8   1.9846091603020490      
      77.0000000000000         25.0000000000000         66.0000000000000         157.000000000000    8   1.9846172983558363      
      78.0000000000000         25.0000000000000         66.0000000000000         158.000000000000    8   1.9846098798300216      
      79.0000000000000         25.0000000000000         66.0000000000000         159.000000000000    8   1.9846162504930485      
      80.0000000000000         25.0000000000000         66.0000000000000         160.000000000000    8   1.9846142770276258      
      81.0000000000000         25.0000000000000         66.0000000000000         161.000000000000    8   1.9846135622366698      
      82.0000000000000         25.0000000000000         66.0000000000000         162.000000000000    8   1.9846149081692890      
      83.0000000000000         25.0000000000000         66.0000000000000         163.000000000000    8   1.9846075950714057      
