x y z l isd potential
      15.0000000000000        -86.0000000000000         66.0000000000000         4.00000000000000    8   1.0450568319181940E-003 
      15.0000000000000        -85.0000000000000         66.0000000000000         5.00000000000000    8   1.0499046577352972E-003 
      15.0000000000000        -84.0000000000000         66.0000000000000         6.00000000000000    8   1.0591970033763359E-003 
      15.0000000000000        -83.0000000000000         66.0000000000000         7.00000000000000    8   1.0733159706230037E-003 
      15.0000000000000        -82.0000000000000         66.0000000000000         8.00000000000000    8   1.0925174627544473E-003 
      15.0000000000000        -81.0000000000000         66.0000000000000         9.00000000000000    8   1.1169416484561121E-003 
      15.0000000000000        -80.0000000000000         66.0000000000000         10.0000000000000    8   1.1466294549928721E-003 
      15.0000000000000        -79.0000000000000         66.0000000000000         11.0000000000000    8   1.1815485875915960E-003 
      15.0000000000000        -78.0000000000000         66.0000000000000         12.0000000000000    8   1.2216034157440400E-003 
      15.0000000000000        -77.0000000000000         66.0000000000000         13.0000000000000    8   1.2649550969824222E-003 
      15.0000000000000        -76.0000000000000         66.0000000000000         14.0000000000000    9   1.2971849199283295E-003 
      15.0000000000000        -75.0000000000000         66.0000000000000         15.0000000000000    9   1.3287222141458053E-003 
      15.0000000000000        -74.0000000000000         66.0000000000000         16.0000000000000    9   1.3640069409661085E-003 
      15.0000000000000        -73.0000000000000         66.0000000000000         17.0000000000000    9   1.4032109624863966E-003 
      15.0000000000000        -72.0000000000000         66.0000000000000         18.0000000000000    9   1.4466011851837150E-003 
      15.0000000000000        -71.0000000000000         66.0000000000000         19.0000000000000    9   1.4947336719464159E-003 
      15.0000000000000        -70.0000000000000         66.0000000000000         20.0000000000000    5   1.5398365265264862E-003 
      15.0000000000000        -69.0000000000000         66.0000000000000         21.0000000000000    5   1.5162308028038726E-003 
      15.0000000000000        -68.0000000000000         66.0000000000000         22.0000000000000    5   1.4932649497938128E-003 
      15.0000000000000        -67.0000000000000         66.0000000000000         23.0000000000000    5   1.4703603915467843E-003 
      15.0000000000000        -66.0000000000000         66.0000000000000         24.0000000000000    4   1.4477261210874570E-003 
      15.0000000000000        -65.0000000000000         66.0000000000000         25.0000000000000    4   1.4135838655271390E-003 
      15.0000000000000        -64.0000000000000         66.0000000000000         26.0000000000000    4   1.3791004215919999E-003 
      15.0000000000000        -63.0000000000000         66.0000000000000         27.0000000000000    4   1.3445498791374603E-003 
      15.0000000000000        -62.0000000000000         66.0000000000000         28.0000000000000    4   1.3099266204210456E-003 
      15.0000000000000        -61.0000000000000         66.0000000000000         29.0000000000000    4   1.2752359530782598E-003 
      15.0000000000000        -60.0000000000000         66.0000000000000         30.0000000000000    4   1.2405005971434259E-003 
      15.0000000000000        -59.0000000000000         66.0000000000000         31.0000000000000    4   1.2057517041696010E-003 
      15.0000000000000        -58.0000000000000         66.0000000000000         32.0000000000000    4   1.1710237756257947E-003 
      15.0000000000000        -57.0000000000000         66.0000000000000         33.0000000000000    4   1.1363525294042765E-003 
      15.0000000000000        -56.0000000000000         66.0000000000000         34.0000000000000    4   1.1017740987632992E-003 
      15.0000000000000        -55.0000000000000         66.0000000000000         35.0000000000000    4   1.0673247697822240E-003 
      15.0000000000000        -54.0000000000000         66.0000000000000         36.0000000000000    4   1.0330409234432713E-003 
      15.0000000000000        -53.0000000000000         66.0000000000000         37.0000000000000    4   9.9895903070821635E-004 
      15.0000000000000        -52.0000000000000         66.0000000000000         38.0000000000000    4   9.6511560625438231E-004 
      15.0000000000000        -51.0000000000000         66.0000000000000         39.0000000000000    4   9.3154703794021707E-004 
      15.0000000000000        -50.0000000000000         66.0000000000000         40.0000000000000    4   8.9828921655263252E-004 
      15.0000000000000        -49.0000000000000         66.0000000000000         41.0000000000000    4   8.6537691832181719E-004 
      15.0000000000000        -48.0000000000000         66.0000000000000         42.0000000000000    4   8.3284295628322793E-004 
      15.0000000000000        -47.0000000000000         66.0000000000000         43.0000000000000    4   8.0071720600309538E-004 
      15.0000000000000        -46.0000000000000         66.0000000000000         44.0000000000000    4   7.6902568553480319E-004 
      15.0000000000000        -45.0000000000000         66.0000000000000         45.0000000000000    4   7.3778989489158193E-004 
      15.0000000000000        -44.0000000000000         66.0000000000000         46.0000000000000    4   7.0702661034367309E-004 
      15.0000000000000        -43.0000000000000         66.0000000000000         47.0000000000000    4   6.7674827863354074E-004 
      15.0000000000000        -42.0000000000000         66.0000000000000         48.0000000000000    4   6.4696394156794597E-004 
      15.0000000000000        -41.0000000000000         66.0000000000000         49.0000000000000    4   6.1768024879835248E-004 
      15.0000000000000        -40.0000000000000         66.0000000000000         50.0000000000000    4   5.8890205029311601E-004 
      15.0000000000000        -39.0000000000000         66.0000000000000         51.0000000000000    4   5.6063263185111010E-004 
      15.0000000000000        -38.0000000000000         66.0000000000000         52.0000000000000    4   5.3287417468428897E-004 
      15.0000000000000        -37.0000000000000         66.0000000000000         53.0000000000000    4   5.0562855812524127E-004 
      15.0000000000000        -36.0000000000000         66.0000000000000         54.0000000000000    4   4.7889765418955517E-004 
      15.0000000000000        -35.0000000000000         66.0000000000000         55.0000000000000    4   4.5268194159680056E-004 
      15.0000000000000        -34.0000000000000         66.0000000000000         56.0000000000000    4   4.2697756769594802E-004 
      15.0000000000000        -33.0000000000000         66.0000000000000         57.0000000000000    4   4.0177508497677388E-004 
      15.0000000000000        -32.0000000000000         66.0000000000000         58.0000000000000    4   3.7706320797840595E-004 
      15.0000000000000        -31.0000000000000         66.0000000000000         59.0000000000000    4   3.5283436365582995E-004 
      15.0000000000000        -30.0000000000000         66.0000000000000         60.0000000000000    4   3.2907931897371942E-004 
      15.0000000000000        -29.0000000000000         66.0000000000000         61.0000000000000    4   3.0577482176943801E-004 
      15.0000000000000        -28.0000000000000         66.0000000000000         62.0000000000000    2   2.8339075906561566E-004 
      15.0000000000000        -27.0000000000000         66.0000000000000         63.0000000000000    2   2.6244810891553233E-004 
      15.0000000000000        -26.0000000000000         66.0000000000000         64.0000000000000    2   2.4204042002038323E-004 
      15.0000000000000        -25.0000000000000         66.0000000000000         65.0000000000000    2   2.2208937767707488E-004 
      15.0000000000000        -24.0000000000000         66.0000000000000         66.0000000000000    2   2.0258804696396513E-004 
      15.0000000000000        -23.0000000000000         66.0000000000000         67.0000000000000    2   1.8353268314855658E-004 
      15.0000000000000        -22.0000000000000         66.0000000000000         68.0000000000000    2   1.6491661000866663E-004 
      15.0000000000000        -21.0000000000000         66.0000000000000         69.0000000000000    2   1.4673510509730342E-004 
      15.0000000000000        -20.0000000000000         66.0000000000000         70.0000000000000    2   1.2898742655134611E-004 
      15.0000000000000        -19.0000000000000         66.0000000000000         71.0000000000000    2   1.1168434467415377E-004 
      15.0000000000000        -18.0000000000000         66.0000000000000         72.0000000000000    4   9.2704413802090696E-005 
      15.0000000000000        -17.0000000000000         66.0000000000000         73.0000000000000    4   7.4964306701284875E-005 
      15.0000000000000        -16.0000000000000         66.0000000000000         74.0000000000000    4   5.7338985206246451E-005 
      15.0000000000000        -15.0000000000000         66.0000000000000         75.0000000000000    4   3.9885631936135936E-005 
      15.0000000000000        -14.0000000000000         66.0000000000000         76.0000000000000    4   2.2612811294184875E-005 
      15.0000000000000        -13.0000000000000         66.0000000000000         77.0000000000000    4   5.5112501943897381E-006 
      15.0000000000000        -12.0000000000000         66.0000000000000         78.0000000000000    4   1.1425454965217381E-005 
      15.0000000000000        -11.0000000000000         66.0000000000000         79.0000000000000    4   2.8156020149264049E-005 
      15.0000000000000        -10.0000000000000         66.0000000000000         80.0000000000000    4   4.4520155212702907E-005 
      15.0000000000000        -9.00000000000000         66.0000000000000         81.0000000000000    4   6.0284437063773832E-005 
      15.0000000000000        -8.00000000000000         66.0000000000000         82.0000000000000    4   7.5409923296742036E-005 
      15.0000000000000        -7.00000000000000         66.0000000000000         83.0000000000000    3   8.5199007156821463E-005 
      15.0000000000000        -6.00000000000000         66.0000000000000         84.0000000000000    3   9.2302776175901883E-005 
      15.0000000000000        -5.00000000000000         66.0000000000000         85.0000000000000    3   9.9486321207884417E-005 
      15.0000000000000        -4.00000000000000         66.0000000000000         86.0000000000000    3   1.0660533376283668E-004 
      15.0000000000000        -3.00000000000000         66.0000000000000         87.0000000000000    3   1.1367925288440605E-004 
      15.0000000000000        -2.00000000000000         66.0000000000000         88.0000000000000    3   1.2082554316114132E-004 
      15.0000000000000         0.00000000000000         66.0000000000000         90.0000000000000    4   1.3394314248767742E-004 
      15.0000000000000         1.00000000000000         66.0000000000000         91.0000000000000    4   1.3981786018810180E-004 
      15.0000000000000         2.00000000000000         66.0000000000000         92.0000000000000    4   1.4524426524300065E-004 
      15.0000000000000         3.00000000000000         66.0000000000000         93.0000000000000    4   1.5067458182781192E-004 
      15.0000000000000         4.00000000000000         66.0000000000000         94.0000000000000    4   1.5548153858254066E-004 
      15.0000000000000         5.00000000000000         66.0000000000000         95.0000000000000    4   1.5980569803250127E-004 
      15.0000000000000         6.00000000000000         66.0000000000000         96.0000000000000    4   1.6369978213836873E-004 
      15.0000000000000         7.00000000000000         66.0000000000000         97.0000000000000    3   1.6956267254553676E-004 
      15.0000000000000         8.00000000000000         66.0000000000000         98.0000000000000    4   1.7245293794518647E-004 
      15.0000000000000         9.00000000000000         66.0000000000000         99.0000000000000    4   1.7770704137329198E-004 
      15.0000000000000         10.0000000000000         66.0000000000000         100.000000000000    4   1.8210738358127881E-004 
      15.0000000000000         11.0000000000000         66.0000000000000         101.000000000000    4   1.8601174798164538E-004 
      15.0000000000000         12.0000000000000         66.0000000000000         102.000000000000    4   1.9014835359625726E-004 
      15.0000000000000         13.0000000000000         66.0000000000000         103.000000000000    4   1.9468600823224254E-004 
      15.0000000000000         14.0000000000000         66.0000000000000         104.000000000000    4   1.9886443821169847E-004 
      15.0000000000000         15.0000000000000         66.0000000000000         105.000000000000    4   2.0288225581638019E-004 
      15.0000000000000         16.0000000000000         66.0000000000000         106.000000000000    4   2.0698572005856315E-004 
      15.0000000000000         17.0000000000000         66.0000000000000         107.000000000000    3   2.0971405011678429E-004 
      15.0000000000000         18.0000000000000         66.0000000000000         108.000000000000    3   2.1211180423769141E-004 
      15.0000000000000         19.0000000000000         66.0000000000000         109.000000000000    3   2.1432407170927494E-004 
      15.0000000000000         20.0000000000000         66.0000000000000         110.000000000000    3   2.1615529098395822E-004 
      15.0000000000000         21.0000000000000         66.0000000000000         111.000000000000    3   2.1732360432140000E-004 
      15.0000000000000         22.0000000000000         66.0000000000000         112.000000000000    3   2.1802036008964138E-004 
      15.0000000000000         23.0000000000000         66.0000000000000         113.000000000000    3   2.1837270849566639E-004 
      15.0000000000000         24.0000000000000         66.0000000000000         114.000000000000    3   2.1847251991206643E-004 
      15.0000000000000         25.0000000000000         66.0000000000000         115.000000000000    3   2.1837040645848545E-004 
      15.0000000000000         26.0000000000000         66.0000000000000         116.000000000000    3   2.1811925898318723E-004 
      15.0000000000000         27.0000000000000         66.0000000000000         117.000000000000    3   2.1770873622607313E-004 
      15.0000000000000         28.0000000000000         66.0000000000000         118.000000000000    3   2.1682999929545929E-004 
      15.0000000000000         29.0000000000000         66.0000000000000         119.000000000000    4   2.1886996302437808E-004 
      15.0000000000000         30.0000000000000         66.0000000000000         120.000000000000    4   2.2021269721057921E-004 
      15.0000000000000         31.0000000000000         66.0000000000000         121.000000000000    4   2.2146030780234471E-004 
      15.0000000000000         32.0000000000000         66.0000000000000         122.000000000000    4   2.2262391363668809E-004 
      15.0000000000000         33.0000000000000         66.0000000000000         123.000000000000    4   2.2365662558933525E-004 
      15.0000000000000         34.0000000000000         66.0000000000000         124.000000000000    4   2.2462382835987076E-004 
      15.0000000000000         35.0000000000000         66.0000000000000         125.000000000000    4   2.2570359663030582E-004 
      15.0000000000000         36.0000000000000         66.0000000000000         126.000000000000    4   2.2686244799292242E-004 
      15.0000000000000         37.0000000000000         66.0000000000000         127.000000000000    4   2.2775687479569722E-004 
      15.0000000000000         38.0000000000000         66.0000000000000         128.000000000000    2   2.2669184573209569E-004 
      15.0000000000000         39.0000000000000         66.0000000000000         129.000000000000    2   2.2743395920566878E-004 
      15.0000000000000         40.0000000000000         66.0000000000000         130.000000000000    4   2.2721906277411034E-004 
      15.0000000000000         41.0000000000000         66.0000000000000         131.000000000000    4   2.2796562659375781E-004 
      15.0000000000000         42.0000000000000         66.0000000000000         132.000000000000    4   2.2756937223374595E-004 
      15.0000000000000         43.0000000000000         66.0000000000000         133.000000000000    4   2.2695358246513792E-004 
      15.0000000000000         44.0000000000000         66.0000000000000         134.000000000000    4   2.2627949237553587E-004 
      15.0000000000000         45.0000000000000         66.0000000000000         135.000000000000    4   2.2553435770410741E-004 
      15.0000000000000         46.0000000000000         66.0000000000000         136.000000000000    4   2.2469680918331105E-004 
      15.0000000000000         47.0000000000000         66.0000000000000         137.000000000000    4   2.2375136274861604E-004 
      15.0000000000000         48.0000000000000         66.0000000000000         138.000000000000    4   2.2270270882645578E-004 
      15.0000000000000         49.0000000000000         66.0000000000000         139.000000000000    4   2.2156857457255824E-004 
      15.0000000000000         50.0000000000000         66.0000000000000         140.000000000000    4   2.2036636343699293E-004 
      15.0000000000000         51.0000000000000         66.0000000000000         141.000000000000    4   2.1910931765888346E-004 
      15.0000000000000         52.0000000000000         66.0000000000000         142.000000000000    4   2.1780686738740113E-004 
      15.0000000000000         53.0000000000000         66.0000000000000         143.000000000000    4   2.1646548506882923E-004 
      15.0000000000000         54.0000000000000         66.0000000000000         144.000000000000    4   2.1508979242961023E-004 
      15.0000000000000         55.0000000000000         66.0000000000000         145.000000000000    4   2.1368363191273112E-004 
      15.0000000000000         56.0000000000000         66.0000000000000         146.000000000000    4   2.1225056085409034E-004 
      15.0000000000000         57.0000000000000         66.0000000000000         147.000000000000    4   2.1079378298511256E-004 
      15.0000000000000         58.0000000000000         66.0000000000000         148.000000000000    4   2.0931605319267284E-004 
      15.0000000000000         59.0000000000000         66.0000000000000         149.000000000000    4   2.0781989039089311E-004 
      15.0000000000000         60.0000000000000         66.0000000000000         150.000000000000    4   2.0630792224002605E-004 
      15.0000000000000         61.0000000000000         66.0000000000000         151.000000000000    4   2.0478303513411607E-004 
      15.0000000000000         62.0000000000000         66.0000000000000         152.000000000000    4   2.0324824080428445E-004 
      15.0000000000000         63.0000000000000         66.0000000000000         153.000000000000    4   2.0170642276611954E-004 
      15.0000000000000         64.0000000000000         66.0000000000000         154.000000000000    4   2.0016014320312404E-004 
      15.0000000000000         65.0000000000000         66.0000000000000         155.000000000000    4   1.9861156882118814E-004 
      15.0000000000000         66.0000000000000         66.0000000000000         156.000000000000    4   1.9706248636442887E-004 
      15.0000000000000         67.0000000000000         66.0000000000000         157.000000000000    4   1.9551435493653094E-004 
      15.0000000000000         68.0000000000000         66.0000000000000         158.000000000000    4   1.9396833848181485E-004 
      15.0000000000000         69.0000000000000         66.0000000000000         159.000000000000    4   1.9242527856338127E-004 
      15.0000000000000         70.0000000000000         66.0000000000000         160.000000000000    4   1.9088562937353393E-004 
      15.0000000000000         71.0000000000000         66.0000000000000         161.000000000000    4   1.8934942571494865E-004 
      15.0000000000000         72.0000000000000         66.0000000000000         162.000000000000    4   1.8781630439386555E-004 
      15.0000000000000         73.0000000000000         66.0000000000000         163.000000000000    4   1.8628550962502633E-004 
      15.0000000000000         74.0000000000000         66.0000000000000         164.000000000000    4   1.8475582764097918E-004 
      15.0000000000000         75.0000000000000         66.0000000000000         165.000000000000    4   1.8322550888859269E-004 
      15.0000000000000         76.0000000000000         66.0000000000000         166.000000000000    4   1.8169228831448896E-004 
      15.0000000000000         77.0000000000000         66.0000000000000         167.000000000000    4   1.8015355021588903E-004 
      15.0000000000000         78.0000000000000         66.0000000000000         168.000000000000    4   1.7860661289141345E-004 
      15.0000000000000         79.0000000000000         66.0000000000000         169.000000000000    4   1.7704910886437211E-004 
      15.0000000000000         80.0000000000000         66.0000000000000         170.000000000000    4   1.7547946463890033E-004 
      15.0000000000000         81.0000000000000         66.0000000000000         171.000000000000    4   1.7389748150460537E-004 
      15.0000000000000         82.0000000000000         66.0000000000000         172.000000000000    4   1.7230536074952879E-004 
      15.0000000000000         83.0000000000000         66.0000000000000         173.000000000000    4   1.7071268637899382E-004 
      15.0000000000000         84.0000000000000         66.0000000000000         174.000000000000    5   1.6834863281170996E-004 
      15.0000000000000         85.0000000000000         66.0000000000000         175.000000000000    5   1.6765332759144695E-004 
      15.0000000000000         86.0000000000000         66.0000000000000         176.000000000000    5   1.6701573937308886E-004 
      15.0000000000000         87.0000000000000         66.0000000000000         177.000000000000    9   1.6601904373927470E-004 
      15.0000000000000         88.0000000000000         66.0000000000000         178.000000000000    9   1.6629336623833068E-004 
      15.0000000000000         89.0000000000000         66.0000000000000         179.000000000000    9   1.6642921394178353E-004 
      15.0000000000000         90.0000000000000         66.0000000000000         180.000000000000    9   1.6645553986802201E-004 
      15.0000000000000         91.0000000000000         66.0000000000000         181.000000000000    9   1.6638887806174089E-004 
      15.0000000000000         92.0000000000000         66.0000000000000         182.000000000000    9   1.6623668348557339E-004 
      15.0000000000000         93.0000000000000         66.0000000000000         183.000000000000    9   1.6589759674173472E-004 
      15.0000000000000         94.0000000000000         66.0000000000000         184.000000000000    8   1.6592321978395935E-004 
      15.0000000000000         95.0000000000000         66.0000000000000         185.000000000000    8   1.6579940131032503E-004 
      15.0000000000000         96.0000000000000         66.0000000000000         186.000000000000    8   1.6563618379913394E-004 
      15.0000000000000         97.0000000000000         66.0000000000000         187.000000000000    8   1.6542206789183400E-004 
      15.0000000000000         98.0000000000000         66.0000000000000         188.000000000000    8   1.6514854756281418E-004 
      15.0000000000000         99.0000000000000         66.0000000000000         189.000000000000    8   1.6480831757212597E-004 
      15.0000000000000         100.000000000000         66.0000000000000         190.000000000000    8   1.6439261551055612E-004 
