x y z l isd potential
     -71.0000000000000         25.0000000000000         66.0000000000000         9.00000000000000    8   1.6931679247979048E-004 
     -70.0000000000000         25.0000000000000         66.0000000000000         10.0000000000000    8   1.7028215412303823E-004 
     -69.0000000000000         25.0000000000000         66.0000000000000         11.0000000000000    8   1.7138197485405291E-004 
     -68.0000000000000         25.0000000000000         66.0000000000000         12.0000000000000    8   1.7258824843491895E-004 
     -67.0000000000000         25.0000000000000         66.0000000000000         13.0000000000000    8   1.7389503053582867E-004 
     -66.0000000000000         25.0000000000000         66.0000000000000         14.0000000000000    8   1.7530282029825148E-004 
     -65.0000000000000         25.0000000000000         66.0000000000000         15.0000000000000    8   1.7681435774208052E-004 
     -64.0000000000000         25.0000000000000         66.0000000000000         16.0000000000000    8   1.7843058011357351E-004 
     -63.0000000000000         25.0000000000000         66.0000000000000         17.0000000000000    8   1.8013679700910296E-004 
     -62.0000000000000         25.0000000000000         66.0000000000000         18.0000000000000    9   1.8175429912359808E-004 
     -61.0000000000000         25.0000000000000         66.0000000000000         19.0000000000000    9   1.8320632474865854E-004 
     -60.0000000000000         25.0000000000000         66.0000000000000         20.0000000000000    9   1.8462348219177888E-004 
     -59.0000000000000         25.0000000000000         66.0000000000000         21.0000000000000    9   1.8611717399285140E-004 
     -58.0000000000000         25.0000000000000         66.0000000000000         22.0000000000000    9   1.8771551492601058E-004 
     -57.0000000000000         25.0000000000000         66.0000000000000         23.0000000000000    9   1.8944540569845064E-004 
     -56.0000000000000         25.0000000000000         66.0000000000000         24.0000000000000    9   1.9136406659765783E-004 
     -55.0000000000000         25.0000000000000         66.0000000000000         25.0000000000000    5   1.9214781511797191E-004 
     -54.0000000000000         25.0000000000000         66.0000000000000         26.0000000000000    5   1.9256854101721158E-004 
     -53.0000000000000         25.0000000000000         66.0000000000000         27.0000000000000    4   1.9314734922015460E-004 
     -52.0000000000000         25.0000000000000         66.0000000000000         28.0000000000000    4   1.9276320395178646E-004 
     -51.0000000000000         25.0000000000000         66.0000000000000         29.0000000000000    4   1.9238154906293120E-004 
     -50.0000000000000         25.0000000000000         66.0000000000000         30.0000000000000    4   1.9205076126249321E-004 
     -49.0000000000000         25.0000000000000         66.0000000000000         31.0000000000000    4   1.9178477896033497E-004 
     -48.0000000000000         25.0000000000000         66.0000000000000         32.0000000000000    4   1.9158872179274251E-004 
     -47.0000000000000         25.0000000000000         66.0000000000000         33.0000000000000    4   1.9146539897029133E-004 
     -46.0000000000000         25.0000000000000         66.0000000000000         34.0000000000000    4   1.9141688244225262E-004 
     -45.0000000000000         25.0000000000000         66.0000000000000         35.0000000000000    4   1.9144486466417555E-004 
     -44.0000000000000         25.0000000000000         66.0000000000000         36.0000000000000    4   1.9155076183984796E-004 
     -43.0000000000000         25.0000000000000         66.0000000000000         37.0000000000000    4   1.9173579370903307E-004 
     -42.0000000000000         25.0000000000000         66.0000000000000         38.0000000000000    4   1.9200108870851573E-004 
     -41.0000000000000         25.0000000000000         66.0000000000000         39.0000000000000    4   1.9234782437710078E-004 
     -40.0000000000000         25.0000000000000         66.0000000000000         40.0000000000000    4   1.9277740516733741E-004 
     -39.0000000000000         25.0000000000000         66.0000000000000         41.0000000000000    4   1.9329167411550111E-004 
     -38.0000000000000         25.0000000000000         66.0000000000000         42.0000000000000    4   1.9389327288753041E-004 
     -37.0000000000000         25.0000000000000         66.0000000000000         43.0000000000000    4   1.9458872074433421E-004 
     -36.0000000000000         25.0000000000000         66.0000000000000         44.0000000000000    2   1.9444328918305978E-004 
     -35.0000000000000         25.0000000000000         66.0000000000000         45.0000000000000    2   1.9520485647626256E-004 
     -34.0000000000000         25.0000000000000         66.0000000000000         46.0000000000000    2   1.9595582470278132E-004 
     -33.0000000000000         25.0000000000000         66.0000000000000         47.0000000000000    2   1.9671799539146997E-004 
     -32.0000000000000         25.0000000000000         66.0000000000000         48.0000000000000    2   1.9749785631245853E-004 
     -31.0000000000000         25.0000000000000         66.0000000000000         49.0000000000000    2   1.9829921142852644E-004 
     -30.0000000000000         25.0000000000000         66.0000000000000         50.0000000000000    2   1.9912438587331858E-004 
     -29.0000000000000         25.0000000000000         66.0000000000000         51.0000000000000    2   1.9997404794422409E-004 
     -28.0000000000000         25.0000000000000         66.0000000000000         52.0000000000000    2   2.0084713358408299E-004 
     -27.0000000000000         25.0000000000000         66.0000000000000         53.0000000000000    2   2.0174091291104480E-004 
     -26.0000000000000         25.0000000000000         66.0000000000000         54.0000000000000    2   2.0265121850063965E-004 
     -25.0000000000000         25.0000000000000         66.0000000000000         55.0000000000000    2   2.0357280601776954E-004 
     -24.0000000000000         25.0000000000000         66.0000000000000         56.0000000000000    2   2.0449971528929852E-004 
     -23.0000000000000         25.0000000000000         66.0000000000000         57.0000000000000    2   2.0542551958253354E-004 
     -22.0000000000000         25.0000000000000         66.0000000000000         58.0000000000000    2   2.0634343294290475E-004 
     -21.0000000000000         25.0000000000000         66.0000000000000         59.0000000000000    2   2.0724630262109554E-004 
     -20.0000000000000         25.0000000000000         66.0000000000000         60.0000000000000    2   2.0812653158443309E-004 
     -19.0000000000000         25.0000000000000         66.0000000000000         61.0000000000000    2   2.0897596880608697E-004 
     -18.0000000000000         25.0000000000000         66.0000000000000         62.0000000000000    2   2.0978579011055718E-004 
     -17.0000000000000         25.0000000000000         66.0000000000000         63.0000000000000    2   2.1054638084698355E-004 
     -16.0000000000000         25.0000000000000         66.0000000000000         64.0000000000000    2   2.1124719782934879E-004 
     -15.0000000000000         25.0000000000000         66.0000000000000         65.0000000000000    2   2.1187642674394227E-004 
     -14.0000000000000         25.0000000000000         66.0000000000000         66.0000000000000    2   2.1241976400813474E-004 
     -13.0000000000000         25.0000000000000         66.0000000000000         67.0000000000000    2   2.1285684517906561E-004 
     -12.0000000000000         25.0000000000000         66.0000000000000         68.0000000000000    2   2.1315140360379336E-004 
     -11.0000000000000         25.0000000000000         66.0000000000000         69.0000000000000    4   2.1368273831269763E-004 
     -10.0000000000000         25.0000000000000         66.0000000000000         70.0000000000000    4   2.1383735027210140E-004 
     -9.00000000000000         25.0000000000000         66.0000000000000         71.0000000000000    4   2.1403692705436239E-004 
     -8.00000000000000         25.0000000000000         66.0000000000000         72.0000000000000    4   2.1427939262504811E-004 
     -7.00000000000000         25.0000000000000         66.0000000000000         73.0000000000000    4   2.1478171170294413E-004 
     -6.00000000000000         25.0000000000000         66.0000000000000         74.0000000000000    4   2.1579932342804750E-004 
     -5.00000000000000         25.0000000000000         66.0000000000000         75.0000000000000    4   2.1778708373935610E-004 
     -4.00000000000000         25.0000000000000         66.0000000000000         76.0000000000000    3   2.1830437645332742E-004 
     -3.00000000000000         25.0000000000000         66.0000000000000         77.0000000000000    3   2.1828293854805691E-004 
     -2.00000000000000         25.0000000000000         66.0000000000000         78.0000000000000    3   2.1833060005877996E-004 
     -1.00000000000000         25.0000000000000         66.0000000000000         79.0000000000000    3   2.1824897529657236E-004 
      0.00000000000000         25.0000000000000         66.0000000000000         80.0000000000000    3   2.1813948156180089E-004 
      1.00000000000000         25.0000000000000         66.0000000000000         81.0000000000000    3   2.1802530618631182E-004 
      2.00000000000000         25.0000000000000         66.0000000000000         82.0000000000000    4   2.1946677991371383E-004 
      3.00000000000000         25.0000000000000         66.0000000000000         83.0000000000000    4   2.2092496551692818E-004 
      4.00000000000000         25.0000000000000         66.0000000000000         84.0000000000000    4   2.2171141572300008E-004 
      5.00000000000000         25.0000000000000         66.0000000000000         85.0000000000000    4   2.2222292604438267E-004 
      6.00000000000000         25.0000000000000         66.0000000000000         86.0000000000000    4   2.2255232162213346E-004 
      7.00000000000000         25.0000000000000         66.0000000000000         87.0000000000000    4   2.2272315169939139E-004 
      8.00000000000000         25.0000000000000         66.0000000000000         88.0000000000000    4   2.2273887727323072E-004 
      9.00000000000000         25.0000000000000         66.0000000000000         89.0000000000000    4   2.2259245822697584E-004 
      10.0000000000000         25.0000000000000         66.0000000000000         90.0000000000000    4   2.2226092241573437E-004 
      11.0000000000000         25.0000000000000         66.0000000000000         91.0000000000000    4   2.2167563799805107E-004 
      12.0000000000000         25.0000000000000         66.0000000000000         92.0000000000000    4   2.2068087416834522E-004 
      13.0000000000000         25.0000000000000         66.0000000000000         93.0000000000000    4   2.1905227847239319E-004 
      14.0000000000000         25.0000000000000         66.0000000000000         94.0000000000000    3   2.1792534509782081E-004 
      15.0000000000000         25.0000000000000         66.0000000000000         95.0000000000000    3   2.1837040645848545E-004 
      16.0000000000000         25.0000000000000         66.0000000000000         96.0000000000000    3   2.1881682805356112E-004 
      17.0000000000000         25.0000000000000         66.0000000000000         97.0000000000000    3   2.1929628655666030E-004 
      18.0000000000000         25.0000000000000         66.0000000000000         98.0000000000000    3   2.1982911268975878E-004 
      19.0000000000000         25.0000000000000         66.0000000000000         99.0000000000000    4   2.2003961394676913E-004 
      20.0000000000000         25.0000000000000         66.0000000000000         100.000000000000    4   2.1782466948673515E-004 
      21.0000000000000         25.0000000000000         66.0000000000000         101.000000000000    4   2.1635554708943099E-004 
      22.0000000000000         25.0000000000000         66.0000000000000         102.000000000000    4   2.1545879117257122E-004 
      23.0000000000000         25.0000000000000         66.0000000000000         103.000000000000    4   2.1493975805410092E-004 
      24.0000000000000         25.0000000000000         66.0000000000000         104.000000000000    2   2.1407748208975523E-004 
      25.0000000000000         25.0000000000000         66.0000000000000         105.000000000000    2   2.1377781573377863E-004 
      26.0000000000000         25.0000000000000         66.0000000000000         106.000000000000    2   2.1341987244193395E-004 
      27.0000000000000         25.0000000000000         66.0000000000000         107.000000000000    2   2.1294745164325150E-004 
      28.0000000000000         25.0000000000000         66.0000000000000         108.000000000000    2   2.1234854248474870E-004 
      29.0000000000000         25.0000000000000         66.0000000000000         109.000000000000    2   2.1162284056072130E-004 
      30.0000000000000         25.0000000000000         66.0000000000000         110.000000000000    2   2.1077328762717204E-004 
      31.0000000000000         25.0000000000000         66.0000000000000         111.000000000000    2   2.0980540104300593E-004 
      32.0000000000000         25.0000000000000         66.0000000000000         112.000000000000    2   2.0873090021943978E-004 
      33.0000000000000         25.0000000000000         66.0000000000000         113.000000000000    2   2.0757188960216242E-004 
      34.0000000000000         25.0000000000000         66.0000000000000         114.000000000000    2   2.0634061912593317E-004 
      35.0000000000000         25.0000000000000         66.0000000000000         115.000000000000    4   2.0490885763102063E-004 
      36.0000000000000         25.0000000000000         66.0000000000000         116.000000000000    4   2.0317272119310152E-004 
      37.0000000000000         25.0000000000000         66.0000000000000         117.000000000000    4   2.0143152589379397E-004 
      38.0000000000000         25.0000000000000         66.0000000000000         118.000000000000    4   1.9965178366179080E-004 
      39.0000000000000         25.0000000000000         66.0000000000000         119.000000000000    4   1.9781888901594408E-004 
      40.0000000000000         25.0000000000000         66.0000000000000         120.000000000000    4   1.9593055687460527E-004 
      41.0000000000000         25.0000000000000         66.0000000000000         121.000000000000    4   1.9398972349222795E-004 
      42.0000000000000         25.0000000000000         66.0000000000000         122.000000000000    4   1.9200113203174168E-004 
      43.0000000000000         25.0000000000000         66.0000000000000         123.000000000000    4   1.8997035487333845E-004 
      44.0000000000000         25.0000000000000         66.0000000000000         124.000000000000    4   1.8790383008784040E-004 
      45.0000000000000         25.0000000000000         66.0000000000000         125.000000000000    4   1.8580866353667911E-004 
      46.0000000000000         25.0000000000000         66.0000000000000         126.000000000000    4   1.8369195177905708E-004 
      47.0000000000000         25.0000000000000         66.0000000000000         127.000000000000    4   1.8156009220607417E-004 
      48.0000000000000         25.0000000000000         66.0000000000000         128.000000000000    4   1.7941844679385369E-004 
      49.0000000000000         25.0000000000000         66.0000000000000         129.000000000000    4   1.7727139233539996E-004 
      50.0000000000000         25.0000000000000         66.0000000000000         130.000000000000    4   1.7512261955364940E-004 
      51.0000000000000         25.0000000000000         66.0000000000000         131.000000000000    4   1.7297549362718504E-004 
      52.0000000000000         25.0000000000000         66.0000000000000         132.000000000000    4   1.7083331492569014E-004 
      53.0000000000000         25.0000000000000         66.0000000000000         133.000000000000    4   1.6869940140379913E-004 
      54.0000000000000         25.0000000000000         66.0000000000000         134.000000000000    4   1.6657699926045800E-004 
      55.0000000000000         25.0000000000000         66.0000000000000         135.000000000000    4   1.6446907709352187E-004 
      56.0000000000000         25.0000000000000         66.0000000000000         136.000000000000    4   1.6237806887898506E-004 
      57.0000000000000         25.0000000000000         66.0000000000000         137.000000000000    4   1.6030561838920802E-004 
      58.0000000000000         25.0000000000000         66.0000000000000         138.000000000000    4   1.5825235863780123E-004 
      59.0000000000000         25.0000000000000         66.0000000000000         139.000000000000    4   1.5621774560916802E-004 
      60.0000000000000         25.0000000000000         66.0000000000000         140.000000000000    4   1.5419995879946836E-004 
      61.0000000000000         25.0000000000000         66.0000000000000         141.000000000000    4   1.5219589413858841E-004 
      62.0000000000000         25.0000000000000         66.0000000000000         142.000000000000    4   1.5020149355746436E-004 
      63.0000000000000         25.0000000000000         66.0000000000000         143.000000000000    4   1.4821550449785025E-004 
      64.0000000000000         25.0000000000000         66.0000000000000         144.000000000000    5   1.4622903515328035E-004 
      65.0000000000000         25.0000000000000         66.0000000000000         145.000000000000    5   1.4543267333060649E-004 
      66.0000000000000         25.0000000000000         66.0000000000000         146.000000000000    5   1.4460459358737405E-004 
      67.0000000000000         25.0000000000000         66.0000000000000         147.000000000000    9   1.4460129165911817E-004 
      68.0000000000000         25.0000000000000         66.0000000000000         148.000000000000    9   1.4368232227218410E-004 
      69.0000000000000         25.0000000000000         66.0000000000000         149.000000000000    9   1.4275787880403099E-004 
      70.0000000000000         25.0000000000000         66.0000000000000         150.000000000000    9   1.4185909566541289E-004 
      71.0000000000000         25.0000000000000         66.0000000000000         151.000000000000    9   1.4098432056259720E-004 
      72.0000000000000         25.0000000000000         66.0000000000000         152.000000000000    9   1.4012369645337761E-004 
      73.0000000000000         25.0000000000000         66.0000000000000         153.000000000000    9   1.3925509588689494E-004 
      74.0000000000000         25.0000000000000         66.0000000000000         154.000000000000    8   1.3858377080437176E-004 
      75.0000000000000         25.0000000000000         66.0000000000000         155.000000000000    8   1.3739073864971917E-004 
      76.0000000000000         25.0000000000000         66.0000000000000         156.000000000000    8   1.3624415718722680E-004 
      77.0000000000000         25.0000000000000         66.0000000000000         157.000000000000    8   1.3514765829674016E-004 
      78.0000000000000         25.0000000000000         66.0000000000000         158.000000000000    8   1.3409934535208834E-004 
      79.0000000000000         25.0000000000000         66.0000000000000         159.000000000000    8   1.3309637214092151E-004 
      80.0000000000000         25.0000000000000         66.0000000000000         160.000000000000    8   1.3213678681746661E-004 
      81.0000000000000         25.0000000000000         66.0000000000000         161.000000000000    8   1.3122072599541727E-004 
      82.0000000000000         25.0000000000000         66.0000000000000         162.000000000000    8   1.3035333013360225E-004 
      83.0000000000000         25.0000000000000         66.0000000000000         163.000000000000    8   1.2952408552042885E-004 
