x y z l isd potential
     -71.0000000000000         25.0000000000000         66.0000000000000         9.00000000000000    8 -0.99227787526037503      
     -70.0000000000000         25.0000000000000         66.0000000000000         10.0000000000000    8 -0.99227787485426278      
     -69.0000000000000         25.0000000000000         66.0000000000000         11.0000000000000    8 -0.99227787352659436      
     -68.0000000000000         25.0000000000000         66.0000000000000         12.0000000000000    8 -0.99227787691608893      
     -67.0000000000000         25.0000000000000         66.0000000000000         13.0000000000000    8 -0.99227787572358472      
     -66.0000000000000         25.0000000000000         66.0000000000000         14.0000000000000    8 -0.99227787753526586      
     -65.0000000000000         25.0000000000000         66.0000000000000         15.0000000000000    8 -0.99227787764117603      
     -64.0000000000000         25.0000000000000         66.0000000000000         16.0000000000000    8 -0.99227788117874316      
     -63.0000000000000         25.0000000000000         66.0000000000000         17.0000000000000    8 -0.99227787560619796      
     -62.0000000000000         25.0000000000000         66.0000000000000         18.0000000000000    9 -0.99227787733925366      
     -61.0000000000000         25.0000000000000         66.0000000000000         19.0000000000000    9 -0.99227787675860935      
     -60.0000000000000         25.0000000000000         66.0000000000000         20.0000000000000    9 -0.99227787499103870      
     -59.0000000000000         25.0000000000000         66.0000000000000         21.0000000000000    9 -0.99227787713510862      
     -58.0000000000000         25.0000000000000         66.0000000000000         22.0000000000000    9 -0.99227787351130958      
     -57.0000000000000         25.0000000000000         66.0000000000000         23.0000000000000    9 -0.99227787653938626      
     -56.0000000000000         25.0000000000000         66.0000000000000         24.0000000000000    9 -0.99227787494299202      
     -55.0000000000000         25.0000000000000         66.0000000000000         25.0000000000000    5 -0.99227787544336965      
     -54.0000000000000         25.0000000000000         66.0000000000000         26.0000000000000    5 -0.99227787562680059      
     -53.0000000000000         25.0000000000000         66.0000000000000         27.0000000000000    4 -0.99227787520383282      
     -52.0000000000000         25.0000000000000         66.0000000000000         28.0000000000000    4 -0.99227787541713897      
     -51.0000000000000         25.0000000000000         66.0000000000000         29.0000000000000    4 -0.99227788185283605      
     -50.0000000000000         25.0000000000000         66.0000000000000         30.0000000000000    4 -0.99227787592614902      
     -49.0000000000000         25.0000000000000         66.0000000000000         31.0000000000000    4 -0.99227787603993889      
     -48.0000000000000         25.0000000000000         66.0000000000000         32.0000000000000    4 -0.99227787455233196      
     -47.0000000000000         25.0000000000000         66.0000000000000         33.0000000000000    4 -0.99227787823959679      
     -46.0000000000000         25.0000000000000         66.0000000000000         34.0000000000000    4 -0.99227787889847863      
     -45.0000000000000         25.0000000000000         66.0000000000000         35.0000000000000    4 -0.99227787205803952      
     -44.0000000000000         25.0000000000000         66.0000000000000         36.0000000000000    4 -0.99227787729250694      
     -43.0000000000000         25.0000000000000         66.0000000000000         37.0000000000000    4 -0.99227787848505589      
     -42.0000000000000         25.0000000000000         66.0000000000000         38.0000000000000    4 -0.99227788100118675      
     -41.0000000000000         25.0000000000000         66.0000000000000         39.0000000000000    4 -0.99227788051398247      
     -40.0000000000000         25.0000000000000         66.0000000000000         40.0000000000000    4 -0.99227787613541074      
     -39.0000000000000         25.0000000000000         66.0000000000000         41.0000000000000    4 -0.99227787551748592      
     -38.0000000000000         25.0000000000000         66.0000000000000         42.0000000000000    4 -0.99227787364556364      
     -37.0000000000000         25.0000000000000         66.0000000000000         43.0000000000000    4 -0.99227787468513329      
     -36.0000000000000         25.0000000000000         66.0000000000000         44.0000000000000    2 -0.99227787918404731      
     -35.0000000000000         25.0000000000000         66.0000000000000         45.0000000000000    2 -0.99227787429924452      
     -34.0000000000000         25.0000000000000         66.0000000000000         46.0000000000000    2 -0.99227787781417154      
     -33.0000000000000         25.0000000000000         66.0000000000000         47.0000000000000    2 -0.99227787677110946      
     -32.0000000000000         25.0000000000000         66.0000000000000         48.0000000000000    2 -0.99227787670263656      
     -31.0000000000000         25.0000000000000         66.0000000000000         49.0000000000000    2 -0.99227787428639325      
     -30.0000000000000         25.0000000000000         66.0000000000000         50.0000000000000    2 -0.99227788104986880      
     -29.0000000000000         25.0000000000000         66.0000000000000         51.0000000000000    2 -0.99227787824093772      
     -28.0000000000000         25.0000000000000         66.0000000000000         52.0000000000000    2 -0.99227787769611275      
     -27.0000000000000         25.0000000000000         66.0000000000000         53.0000000000000    2 -0.99227787849329685      
     -26.0000000000000         25.0000000000000         66.0000000000000         54.0000000000000    2 -0.99227787894594865      
     -25.0000000000000         25.0000000000000         66.0000000000000         55.0000000000000    2 -0.99227787851902949      
     -24.0000000000000         25.0000000000000         66.0000000000000         56.0000000000000    2 -0.99227788465185940      
     -23.0000000000000         25.0000000000000         66.0000000000000         57.0000000000000    2 -0.99227788082097945      
     -22.0000000000000         25.0000000000000         66.0000000000000         58.0000000000000    2 -0.99227787801260436      
     -21.0000000000000         25.0000000000000         66.0000000000000         59.0000000000000    2 -0.99227787286747060      
     -20.0000000000000         25.0000000000000         66.0000000000000         60.0000000000000    2 -0.99227787210502194      
     -19.0000000000000         25.0000000000000         66.0000000000000         61.0000000000000    2 -0.99227787487291619      
     -18.0000000000000         25.0000000000000         66.0000000000000         62.0000000000000    2 -0.99227787873863826      
     -17.0000000000000         25.0000000000000         66.0000000000000         63.0000000000000    2 -0.99227787702230563      
     -16.0000000000000         25.0000000000000         66.0000000000000         64.0000000000000    2 -0.99227786979345312      
     -15.0000000000000         25.0000000000000         66.0000000000000         65.0000000000000    2 -0.99227787840352244      
     -14.0000000000000         25.0000000000000         66.0000000000000         66.0000000000000    2 -0.99227787736858852      
     -13.0000000000000         25.0000000000000         66.0000000000000         67.0000000000000    2 -0.99227787073967377      
     -12.0000000000000         25.0000000000000         66.0000000000000         68.0000000000000    2 -0.99227787608736073      
     -11.0000000000000         25.0000000000000         66.0000000000000         69.0000000000000    4 -0.99227787715176741      
     -10.0000000000000         25.0000000000000         66.0000000000000         70.0000000000000    4 -0.99227787939332546      
     -9.00000000000000         25.0000000000000         66.0000000000000         71.0000000000000    4 -0.99227787705806259      
     -8.00000000000000         25.0000000000000         66.0000000000000         72.0000000000000    4 -0.99227787650497778      
     -7.00000000000000         25.0000000000000         66.0000000000000         73.0000000000000    4 -0.99227787568250059      
     -6.00000000000000         25.0000000000000         66.0000000000000         74.0000000000000    4 -0.99227787998994565      
     -5.00000000000000         25.0000000000000         66.0000000000000         75.0000000000000    4 -0.99227787736432516      
     -4.00000000000000         25.0000000000000         66.0000000000000         76.0000000000000    3 -0.99227788207279244      
     -3.00000000000000         25.0000000000000         66.0000000000000         77.0000000000000    3 -0.99227787285623503      
     -2.00000000000000         25.0000000000000         66.0000000000000         78.0000000000000    3 -0.99227787786984312      
     -1.00000000000000         25.0000000000000         66.0000000000000         79.0000000000000    3 -0.99227787194494643      
      0.00000000000000         25.0000000000000         66.0000000000000         80.0000000000000    3 -0.99227787632301356      
      1.00000000000000         25.0000000000000         66.0000000000000         81.0000000000000    3 -0.99227787650564547      
      2.00000000000000         25.0000000000000         66.0000000000000         82.0000000000000    4 -0.99227787465537487      
      3.00000000000000         25.0000000000000         66.0000000000000         83.0000000000000    4 -0.99227787707698922      
      4.00000000000000         25.0000000000000         66.0000000000000         84.0000000000000    4 -0.99227788180785936      
      5.00000000000000         25.0000000000000         66.0000000000000         85.0000000000000    4 -0.99227787593587002      
      6.00000000000000         25.0000000000000         66.0000000000000         86.0000000000000    4 -0.99227787982847360      
      7.00000000000000         25.0000000000000         66.0000000000000         87.0000000000000    4 -0.99227788066741240      
      8.00000000000000         25.0000000000000         66.0000000000000         88.0000000000000    4 -0.99227787155956104      
      9.00000000000000         25.0000000000000         66.0000000000000         89.0000000000000    4 -0.99227787980655335      
      10.0000000000000         25.0000000000000         66.0000000000000         90.0000000000000    4 -0.99227787989804461      
      11.0000000000000         25.0000000000000         66.0000000000000         91.0000000000000    4 -0.99227787679355195      
      12.0000000000000         25.0000000000000         66.0000000000000         92.0000000000000    4 -0.99227787694146707      
      13.0000000000000         25.0000000000000         66.0000000000000         93.0000000000000    4 -0.99227788066969114      
      14.0000000000000         25.0000000000000         66.0000000000000         94.0000000000000    3 -0.99227788459135735      
      15.0000000000000         25.0000000000000         66.0000000000000         95.0000000000000    3 -0.99227787976433968      
      16.0000000000000         25.0000000000000         66.0000000000000         96.0000000000000    3 -0.99227788297312158      
      17.0000000000000         25.0000000000000         66.0000000000000         97.0000000000000    3 -0.99227787857466210      
      18.0000000000000         25.0000000000000         66.0000000000000         98.0000000000000    3 -0.99227787267382672      
      19.0000000000000         25.0000000000000         66.0000000000000         99.0000000000000    4 -0.99227788296449082      
      20.0000000000000         25.0000000000000         66.0000000000000         100.000000000000    4 -0.99227787411662338      
      21.0000000000000         25.0000000000000         66.0000000000000         101.000000000000    4 -0.99227787357717989      
      22.0000000000000         25.0000000000000         66.0000000000000         102.000000000000    4 -0.99227788107745507      
      23.0000000000000         25.0000000000000         66.0000000000000         103.000000000000    4 -0.99227787275010892      
      24.0000000000000         25.0000000000000         66.0000000000000         104.000000000000    2 -0.99227788090245017      
      25.0000000000000         25.0000000000000         66.0000000000000         105.000000000000    2 -0.99227788029589847      
      26.0000000000000         25.0000000000000         66.0000000000000         106.000000000000    2 -0.99227787611641105      
      27.0000000000000         25.0000000000000         66.0000000000000         107.000000000000    2 -0.99227788120438543      
      28.0000000000000         25.0000000000000         66.0000000000000         108.000000000000    2 -0.99227787820364555      
      29.0000000000000         25.0000000000000         66.0000000000000         109.000000000000    2 -0.99227787739727902      
      30.0000000000000         25.0000000000000         66.0000000000000         110.000000000000    2 -0.99227787521548527      
      31.0000000000000         25.0000000000000         66.0000000000000         111.000000000000    2 -0.99227787899806685      
      32.0000000000000         25.0000000000000         66.0000000000000         112.000000000000    2 -0.99227787820041558      
      33.0000000000000         25.0000000000000         66.0000000000000         113.000000000000    2 -0.99227787593684724      
      34.0000000000000         25.0000000000000         66.0000000000000         114.000000000000    2 -0.99227787477781704      
      35.0000000000000         25.0000000000000         66.0000000000000         115.000000000000    4 -0.99227787276836432      
      36.0000000000000         25.0000000000000         66.0000000000000         116.000000000000    4 -0.99227787381632382      
      37.0000000000000         25.0000000000000         66.0000000000000         117.000000000000    4 -0.99227786666254947      
      38.0000000000000         25.0000000000000         66.0000000000000         118.000000000000    4 -0.99227787960596769      
      39.0000000000000         25.0000000000000         66.0000000000000         119.000000000000    4 -0.99227787293262204      
      40.0000000000000         25.0000000000000         66.0000000000000         120.000000000000    4 -0.99227787698532399      
      41.0000000000000         25.0000000000000         66.0000000000000         121.000000000000    4 -0.99227788303198838      
      42.0000000000000         25.0000000000000         66.0000000000000         122.000000000000    4 -0.99227788532543071      
      43.0000000000000         25.0000000000000         66.0000000000000         123.000000000000    4 -0.99227788466836453      
      44.0000000000000         25.0000000000000         66.0000000000000         124.000000000000    4 -0.99227787187474970      
      45.0000000000000         25.0000000000000         66.0000000000000         125.000000000000    4 -0.99227787589715488      
      46.0000000000000         25.0000000000000         66.0000000000000         126.000000000000    4 -0.99227787841832304      
      47.0000000000000         25.0000000000000         66.0000000000000         127.000000000000    4 -0.99227788404237549      
      48.0000000000000         25.0000000000000         66.0000000000000         128.000000000000    4 -0.99227787714723836      
      49.0000000000000         25.0000000000000         66.0000000000000         129.000000000000    4 -0.99227787385235178      
      50.0000000000000         25.0000000000000         66.0000000000000         130.000000000000    4 -0.99227787557665925      
      51.0000000000000         25.0000000000000         66.0000000000000         131.000000000000    4 -0.99227786926103612      
      52.0000000000000         25.0000000000000         66.0000000000000         132.000000000000    4 -0.99227786847191901      
      53.0000000000000         25.0000000000000         66.0000000000000         133.000000000000    4 -0.99227786865021395      
      54.0000000000000         25.0000000000000         66.0000000000000         134.000000000000    4 -0.99227788093283009      
      55.0000000000000         25.0000000000000         66.0000000000000         135.000000000000    4 -0.99227787425099834      
      56.0000000000000         25.0000000000000         66.0000000000000         136.000000000000    4 -0.99227787182830895      
      57.0000000000000         25.0000000000000         66.0000000000000         137.000000000000    4 -0.99227787577555893      
      58.0000000000000         25.0000000000000         66.0000000000000         138.000000000000    4 -0.99227786643097349      
      59.0000000000000         25.0000000000000         66.0000000000000         139.000000000000    4 -0.99227788130383165      
      60.0000000000000         25.0000000000000         66.0000000000000         140.000000000000    4 -0.99227787102345666      
      61.0000000000000         25.0000000000000         66.0000000000000         141.000000000000    4 -0.99227788622664748      
      62.0000000000000         25.0000000000000         66.0000000000000         142.000000000000    4 -0.99227788071715994      
      63.0000000000000         25.0000000000000         66.0000000000000         143.000000000000    4 -0.99227785627145326      
      64.0000000000000         25.0000000000000         66.0000000000000         144.000000000000    5 -0.99227787574433968      
      65.0000000000000         25.0000000000000         66.0000000000000         145.000000000000    5 -0.99227786088175107      
      66.0000000000000         25.0000000000000         66.0000000000000         146.000000000000    5 -0.99227788914868720      
      67.0000000000000         25.0000000000000         66.0000000000000         147.000000000000    9 -0.99227788162851127      
      68.0000000000000         25.0000000000000         66.0000000000000         148.000000000000    9 -0.99227788722326604      
      69.0000000000000         25.0000000000000         66.0000000000000         149.000000000000    9 -0.99227787478347018      
      70.0000000000000         25.0000000000000         66.0000000000000         150.000000000000    9 -0.99227787387039346      
      71.0000000000000         25.0000000000000         66.0000000000000         151.000000000000    9 -0.99227787534735845      
      72.0000000000000         25.0000000000000         66.0000000000000         152.000000000000    9 -0.99227785162537108      
      73.0000000000000         25.0000000000000         66.0000000000000         153.000000000000    9 -0.99227788088612079      
      74.0000000000000         25.0000000000000         66.0000000000000         154.000000000000    8 -0.99227787393068334      
      75.0000000000000         25.0000000000000         66.0000000000000         155.000000000000    8 -0.99227787612733331      
      76.0000000000000         25.0000000000000         66.0000000000000         156.000000000000    8 -0.99227788854270593      
      77.0000000000000         25.0000000000000         66.0000000000000         157.000000000000    8 -0.99227787209101048      
      78.0000000000000         25.0000000000000         66.0000000000000         158.000000000000    8 -0.99227789333163885      
      79.0000000000000         25.0000000000000         66.0000000000000         159.000000000000    8 -0.99227787785028121      
      80.0000000000000         25.0000000000000         66.0000000000000         160.000000000000    8 -0.99227788166599107      
      81.0000000000000         25.0000000000000         66.0000000000000         161.000000000000    8 -0.99227788149179230      
      82.0000000000000         25.0000000000000         66.0000000000000         162.000000000000    8 -0.99227787549851088      
      83.0000000000000         25.0000000000000         66.0000000000000         163.000000000000    8 -0.99227788534856387      
