x y z l isd potential
      15.0000000000000        -86.0000000000000         66.0000000000000         4.00000000000000    8  0.99227784874029057      
      15.0000000000000        -85.0000000000000         66.0000000000000         5.00000000000000    8  0.99227791504066509      
      15.0000000000000        -84.0000000000000         66.0000000000000         6.00000000000000    8  0.99227786685268871      
      15.0000000000000        -83.0000000000000         66.0000000000000         7.00000000000000    8  0.99227788754230062      
      15.0000000000000        -82.0000000000000         66.0000000000000         8.00000000000000    8  0.99227787890089814      
      15.0000000000000        -81.0000000000000         66.0000000000000         9.00000000000000    8  0.99227785934796353      
      15.0000000000000        -80.0000000000000         66.0000000000000         10.0000000000000    8  0.99227786559521780      
      15.0000000000000        -79.0000000000000         66.0000000000000         11.0000000000000    8  0.99227786913385485      
      15.0000000000000        -78.0000000000000         66.0000000000000         12.0000000000000    8  0.99227787054789918      
      15.0000000000000        -77.0000000000000         66.0000000000000         13.0000000000000    8  0.99227787806196321      
      15.0000000000000        -76.0000000000000         66.0000000000000         14.0000000000000    9  0.99227788056172495      
      15.0000000000000        -75.0000000000000         66.0000000000000         15.0000000000000    9  0.99227788631703440      
      15.0000000000000        -74.0000000000000         66.0000000000000         16.0000000000000    9  0.99227787521731647      
      15.0000000000000        -73.0000000000000         66.0000000000000         17.0000000000000    9  0.99227788108615811      
      15.0000000000000        -72.0000000000000         66.0000000000000         18.0000000000000    9  0.99227787468489170      
      15.0000000000000        -71.0000000000000         66.0000000000000         19.0000000000000    9  0.99227787673283196      
      15.0000000000000        -70.0000000000000         66.0000000000000         20.0000000000000    5  0.99227787660562183      
      15.0000000000000        -69.0000000000000         66.0000000000000         21.0000000000000    5  0.99227787942154899      
      15.0000000000000        -68.0000000000000         66.0000000000000         22.0000000000000    5  0.99227787699330050      
      15.0000000000000        -67.0000000000000         66.0000000000000         23.0000000000000    5  0.99227787578765447      
      15.0000000000000        -66.0000000000000         66.0000000000000         24.0000000000000    4  0.99227787310449878      
      15.0000000000000        -65.0000000000000         66.0000000000000         25.0000000000000    4  0.99227787588655714      
      15.0000000000000        -64.0000000000000         66.0000000000000         26.0000000000000    4  0.99227787283158309      
      15.0000000000000        -63.0000000000000         66.0000000000000         27.0000000000000    4  0.99227787359676312      
      15.0000000000000        -62.0000000000000         66.0000000000000         28.0000000000000    4  0.99227786928566786      
      15.0000000000000        -61.0000000000000         66.0000000000000         29.0000000000000    4  0.99227786906966808      
      15.0000000000000        -60.0000000000000         66.0000000000000         30.0000000000000    4  0.99227787381376331      
      15.0000000000000        -59.0000000000000         66.0000000000000         31.0000000000000    4  0.99227787337338191      
      15.0000000000000        -58.0000000000000         66.0000000000000         32.0000000000000    4  0.99227787601919515      
      15.0000000000000        -57.0000000000000         66.0000000000000         33.0000000000000    4  0.99227787637824083      
      15.0000000000000        -56.0000000000000         66.0000000000000         34.0000000000000    4  0.99227787737222339      
      15.0000000000000        -55.0000000000000         66.0000000000000         35.0000000000000    4  0.99227787602167938      
      15.0000000000000        -54.0000000000000         66.0000000000000         36.0000000000000    4  0.99227787251586930      
      15.0000000000000        -53.0000000000000         66.0000000000000         37.0000000000000    4  0.99227787858808847      
      15.0000000000000        -52.0000000000000         66.0000000000000         38.0000000000000    4  0.99227787677732260      
      15.0000000000000        -51.0000000000000         66.0000000000000         39.0000000000000    4  0.99227787583075555      
      15.0000000000000        -50.0000000000000         66.0000000000000         40.0000000000000    4  0.99227788106446491      
      15.0000000000000        -49.0000000000000         66.0000000000000         41.0000000000000    4  0.99227787648188059      
      15.0000000000000        -48.0000000000000         66.0000000000000         42.0000000000000    4  0.99227787453692928      
      15.0000000000000        -47.0000000000000         66.0000000000000         43.0000000000000    4  0.99227787791881128      
      15.0000000000000        -46.0000000000000         66.0000000000000         44.0000000000000    4  0.99227787265124467      
      15.0000000000000        -45.0000000000000         66.0000000000000         45.0000000000000    4  0.99227787888693841      
      15.0000000000000        -44.0000000000000         66.0000000000000         46.0000000000000    4  0.99227787812734414      
      15.0000000000000        -43.0000000000000         66.0000000000000         47.0000000000000    4  0.99227788008068540      
      15.0000000000000        -42.0000000000000         66.0000000000000         48.0000000000000    4  0.99227786812964103      
      15.0000000000000        -41.0000000000000         66.0000000000000         49.0000000000000    4  0.99227787668357437      
      15.0000000000000        -40.0000000000000         66.0000000000000         50.0000000000000    4  0.99227787741221707      
      15.0000000000000        -39.0000000000000         66.0000000000000         51.0000000000000    4  0.99227787395469003      
      15.0000000000000        -38.0000000000000         66.0000000000000         52.0000000000000    4  0.99227787915850452      
      15.0000000000000        -37.0000000000000         66.0000000000000         53.0000000000000    4  0.99227787580675109      
      15.0000000000000        -36.0000000000000         66.0000000000000         54.0000000000000    4  0.99227787450226190      
      15.0000000000000        -35.0000000000000         66.0000000000000         55.0000000000000    4  0.99227788144898643      
      15.0000000000000        -34.0000000000000         66.0000000000000         56.0000000000000    4  0.99227787950715551      
      15.0000000000000        -33.0000000000000         66.0000000000000         57.0000000000000    4  0.99227788583873089      
      15.0000000000000        -32.0000000000000         66.0000000000000         58.0000000000000    4  0.99227786887512848      
      15.0000000000000        -31.0000000000000         66.0000000000000         59.0000000000000    4  0.99227787608033824      
      15.0000000000000        -30.0000000000000         66.0000000000000         60.0000000000000    4  0.99227787135833534      
      15.0000000000000        -29.0000000000000         66.0000000000000         61.0000000000000    4  0.99227787689789726      
      15.0000000000000        -28.0000000000000         66.0000000000000         62.0000000000000    2  0.99227788533999051      
      15.0000000000000        -27.0000000000000         66.0000000000000         63.0000000000000    2  0.99227788409053552      
      15.0000000000000        -26.0000000000000         66.0000000000000         64.0000000000000    2  0.99227786256217854      
      15.0000000000000        -25.0000000000000         66.0000000000000         65.0000000000000    2  0.99227789272694722      
      15.0000000000000        -24.0000000000000         66.0000000000000         66.0000000000000    2  0.99227786128181972      
      15.0000000000000        -23.0000000000000         66.0000000000000         67.0000000000000    2  0.99227789697315338      
      15.0000000000000        -22.0000000000000         66.0000000000000         68.0000000000000    2  0.99227786996687850      
      15.0000000000000        -21.0000000000000         66.0000000000000         69.0000000000000    2  0.99227788173655374      
      15.0000000000000        -20.0000000000000         66.0000000000000         70.0000000000000    2  0.99227789882420092      
      15.0000000000000        -19.0000000000000         66.0000000000000         71.0000000000000    2  0.99227788141304885      
      15.0000000000000        -18.0000000000000         66.0000000000000         72.0000000000000    4  0.99227787721904004      
      15.0000000000000        -17.0000000000000         66.0000000000000         73.0000000000000    4  0.99227783772468248      
      15.0000000000000        -16.0000000000000         66.0000000000000         74.0000000000000    4  0.99227790085939283      
      15.0000000000000        -15.0000000000000         66.0000000000000         75.0000000000000    4  0.99227794950434567      
      15.0000000000000        -14.0000000000000         66.0000000000000         76.0000000000000    4  0.99227798043133364      
      15.0000000000000        -13.0000000000000         66.0000000000000         77.0000000000000    4  0.99227124477583850      
      15.0000000000000        -12.0000000000000         66.0000000000000         78.0000000000000    4 -0.99227745326579830      
      15.0000000000000        -11.0000000000000         66.0000000000000         79.0000000000000    4 -0.99227786164408216      
      15.0000000000000        -10.0000000000000         66.0000000000000         80.0000000000000    4 -0.99227787726091499      
      15.0000000000000        -9.00000000000000         66.0000000000000         81.0000000000000    4 -0.99227787666563783      
      15.0000000000000        -8.00000000000000         66.0000000000000         82.0000000000000    4 -0.99227787671366785      
      15.0000000000000        -7.00000000000000         66.0000000000000         83.0000000000000    3 -0.99227787672721057      
      15.0000000000000        -6.00000000000000         66.0000000000000         84.0000000000000    3 -0.99227787665788814      
      15.0000000000000        -5.00000000000000         66.0000000000000         85.0000000000000    3 -0.99227787675786983      
      15.0000000000000        -4.00000000000000         66.0000000000000         86.0000000000000    3 -0.99227787663880718      
      15.0000000000000        -3.00000000000000         66.0000000000000         87.0000000000000    3 -0.99227787671106094      
      15.0000000000000        -2.00000000000000         66.0000000000000         88.0000000000000    3 -0.99227787656910316      
      15.0000000000000         0.00000000000000         66.0000000000000         90.0000000000000    4 -0.99227787668942191      
      15.0000000000000         1.00000000000000         66.0000000000000         91.0000000000000    4 -0.99227787697407632      
      15.0000000000000         2.00000000000000         66.0000000000000         92.0000000000000    4 -0.99227787680060220      
      15.0000000000000         3.00000000000000         66.0000000000000         93.0000000000000    4 -0.99227787614822005      
      15.0000000000000         4.00000000000000         66.0000000000000         94.0000000000000    4 -0.99227787603389406      
      15.0000000000000         5.00000000000000         66.0000000000000         95.0000000000000    4 -0.99227787705404791      
      15.0000000000000         6.00000000000000         66.0000000000000         96.0000000000000    4 -0.99227787783417298      
      15.0000000000000         7.00000000000000         66.0000000000000         97.0000000000000    3 -0.99227787562425407      
      15.0000000000000         8.00000000000000         66.0000000000000         98.0000000000000    4 -0.99227787464144634      
      15.0000000000000         9.00000000000000         66.0000000000000         99.0000000000000    4 -0.99227787600408246      
      15.0000000000000         10.0000000000000         66.0000000000000         100.000000000000    4 -0.99227787493113506      
      15.0000000000000         11.0000000000000         66.0000000000000         101.000000000000    4 -0.99227787523436506      
      15.0000000000000         12.0000000000000         66.0000000000000         102.000000000000    4 -0.99227787641999887      
      15.0000000000000         13.0000000000000         66.0000000000000         103.000000000000    4 -0.99227787773564624      
      15.0000000000000         14.0000000000000         66.0000000000000         104.000000000000    4 -0.99227788086735358      
      15.0000000000000         15.0000000000000         66.0000000000000         105.000000000000    4 -0.99227787588290794      
      15.0000000000000         16.0000000000000         66.0000000000000         106.000000000000    4 -0.99227787880767704      
      15.0000000000000         17.0000000000000         66.0000000000000         107.000000000000    3 -0.99227787677491697      
      15.0000000000000         18.0000000000000         66.0000000000000         108.000000000000    3 -0.99227787295993886      
      15.0000000000000         19.0000000000000         66.0000000000000         109.000000000000    3 -0.99227787529984623      
      15.0000000000000         20.0000000000000         66.0000000000000         110.000000000000    3 -0.99227787858007321      
      15.0000000000000         21.0000000000000         66.0000000000000         111.000000000000    3 -0.99227787882186635      
      15.0000000000000         22.0000000000000         66.0000000000000         112.000000000000    3 -0.99227787748619134      
      15.0000000000000         23.0000000000000         66.0000000000000         113.000000000000    3 -0.99227787286024449      
      15.0000000000000         24.0000000000000         66.0000000000000         114.000000000000    3 -0.99227787865666217      
      15.0000000000000         25.0000000000000         66.0000000000000         115.000000000000    3 -0.99227787976433968      
      15.0000000000000         26.0000000000000         66.0000000000000         116.000000000000    3 -0.99227787829038883      
      15.0000000000000         27.0000000000000         66.0000000000000         117.000000000000    3 -0.99227787993832528      
      15.0000000000000         28.0000000000000         66.0000000000000         118.000000000000    3 -0.99227787974145421      
      15.0000000000000         29.0000000000000         66.0000000000000         119.000000000000    4 -0.99227787314505911      
      15.0000000000000         30.0000000000000         66.0000000000000         120.000000000000    4 -0.99227787101910991      
      15.0000000000000         31.0000000000000         66.0000000000000         121.000000000000    4 -0.99227787970934966      
      15.0000000000000         32.0000000000000         66.0000000000000         122.000000000000    4 -0.99227787505331655      
      15.0000000000000         33.0000000000000         66.0000000000000         123.000000000000    4 -0.99227787337343698      
      15.0000000000000         34.0000000000000         66.0000000000000         124.000000000000    4 -0.99227787508022014      
      15.0000000000000         35.0000000000000         66.0000000000000         125.000000000000    4 -0.99227787284387081      
      15.0000000000000         36.0000000000000         66.0000000000000         126.000000000000    4 -0.99227787246875265      
      15.0000000000000         37.0000000000000         66.0000000000000         127.000000000000    4 -0.99227787926396371      
      15.0000000000000         38.0000000000000         66.0000000000000         128.000000000000    2 -0.99227788132193606      
      15.0000000000000         39.0000000000000         66.0000000000000         129.000000000000    2 -0.99227786960021180      
      15.0000000000000         40.0000000000000         66.0000000000000         130.000000000000    4 -0.99227787708507265      
      15.0000000000000         41.0000000000000         66.0000000000000         131.000000000000    4 -0.99227788209533307      
      15.0000000000000         42.0000000000000         66.0000000000000         132.000000000000    4 -0.99227787075659046      
      15.0000000000000         43.0000000000000         66.0000000000000         133.000000000000    4 -0.99227788255740523      
      15.0000000000000         44.0000000000000         66.0000000000000         134.000000000000    4 -0.99227787295761760      
      15.0000000000000         45.0000000000000         66.0000000000000         135.000000000000    4 -0.99227787852221316      
      15.0000000000000         46.0000000000000         66.0000000000000         136.000000000000    4 -0.99227787531169842      
      15.0000000000000         47.0000000000000         66.0000000000000         137.000000000000    4 -0.99227787696258396      
      15.0000000000000         48.0000000000000         66.0000000000000         138.000000000000    4 -0.99227787772283949      
      15.0000000000000         49.0000000000000         66.0000000000000         139.000000000000    4 -0.99227787146063695      
      15.0000000000000         50.0000000000000         66.0000000000000         140.000000000000    4 -0.99227788555794050      
      15.0000000000000         51.0000000000000         66.0000000000000         141.000000000000    4 -0.99227787259939171      
      15.0000000000000         52.0000000000000         66.0000000000000         142.000000000000    4 -0.99227788343014267      
      15.0000000000000         53.0000000000000         66.0000000000000         143.000000000000    4 -0.99227787795348299      
      15.0000000000000         54.0000000000000         66.0000000000000         144.000000000000    4 -0.99227788299973851      
      15.0000000000000         55.0000000000000         66.0000000000000         145.000000000000    4 -0.99227786914838567      
      15.0000000000000         56.0000000000000         66.0000000000000         146.000000000000    4 -0.99227787167886006      
      15.0000000000000         57.0000000000000         66.0000000000000         147.000000000000    4 -0.99227786657540673      
      15.0000000000000         58.0000000000000         66.0000000000000         148.000000000000    4 -0.99227788344448442      
      15.0000000000000         59.0000000000000         66.0000000000000         149.000000000000    4 -0.99227786979669685      
      15.0000000000000         60.0000000000000         66.0000000000000         150.000000000000    4 -0.99227789384597698      
      15.0000000000000         61.0000000000000         66.0000000000000         151.000000000000    4 -0.99227786054905531      
      15.0000000000000         62.0000000000000         66.0000000000000         152.000000000000    4 -0.99227787438912163      
      15.0000000000000         63.0000000000000         66.0000000000000         153.000000000000    4 -0.99227787997233508      
      15.0000000000000         64.0000000000000         66.0000000000000         154.000000000000    4 -0.99227786463143375      
      15.0000000000000         65.0000000000000         66.0000000000000         155.000000000000    4 -0.99227789205077055      
      15.0000000000000         66.0000000000000         66.0000000000000         156.000000000000    4 -0.99227787453264404      
      15.0000000000000         67.0000000000000         66.0000000000000         157.000000000000    4 -0.99227786592885703      
      15.0000000000000         68.0000000000000         66.0000000000000         158.000000000000    4 -0.99227789158790969      
      15.0000000000000         69.0000000000000         66.0000000000000         159.000000000000    4 -0.99227787794563060      
      15.0000000000000         70.0000000000000         66.0000000000000         160.000000000000    4 -0.99227789370346575      
      15.0000000000000         71.0000000000000         66.0000000000000         161.000000000000    4 -0.99227788259022609      
      15.0000000000000         72.0000000000000         66.0000000000000         162.000000000000    4 -0.99227786301827925      
      15.0000000000000         73.0000000000000         66.0000000000000         163.000000000000    4 -0.99227787526479316      
      15.0000000000000         74.0000000000000         66.0000000000000         164.000000000000    4 -0.99227789375517106      
      15.0000000000000         75.0000000000000         66.0000000000000         165.000000000000    4 -0.99227788511436599      
      15.0000000000000         76.0000000000000         66.0000000000000         166.000000000000    4 -0.99227786203479107      
      15.0000000000000         77.0000000000000         66.0000000000000         167.000000000000    4 -0.99227790458405962      
      15.0000000000000         78.0000000000000         66.0000000000000         168.000000000000    4 -0.99227787508317156      
      15.0000000000000         79.0000000000000         66.0000000000000         169.000000000000    4 -0.99227784342643877      
      15.0000000000000         80.0000000000000         66.0000000000000         170.000000000000    4 -0.99227788063028466      
      15.0000000000000         81.0000000000000         66.0000000000000         171.000000000000    4 -0.99227788636357217      
      15.0000000000000         82.0000000000000         66.0000000000000         172.000000000000    4 -0.99227788061927424      
      15.0000000000000         83.0000000000000         66.0000000000000         173.000000000000    4 -0.99227789554649082      
      15.0000000000000         84.0000000000000         66.0000000000000         174.000000000000    5 -0.99227789169195768      
      15.0000000000000         85.0000000000000         66.0000000000000         175.000000000000    5 -0.99227784538839292      
      15.0000000000000         86.0000000000000         66.0000000000000         176.000000000000    5 -0.99227787430096825      
      15.0000000000000         87.0000000000000         66.0000000000000         177.000000000000    9 -0.99227789461019589      
      15.0000000000000         88.0000000000000         66.0000000000000         178.000000000000    9 -0.99227786616508096      
      15.0000000000000         89.0000000000000         66.0000000000000         179.000000000000    9 -0.99227788104540682      
      15.0000000000000         90.0000000000000         66.0000000000000         180.000000000000    9 -0.99227785741809538      
      15.0000000000000         91.0000000000000         66.0000000000000         181.000000000000    9 -0.99227791724895753      
      15.0000000000000         92.0000000000000         66.0000000000000         182.000000000000    9 -0.99227784541958308      
      15.0000000000000         93.0000000000000         66.0000000000000         183.000000000000    9 -0.99227787929065747      
      15.0000000000000         94.0000000000000         66.0000000000000         184.000000000000    8 -0.99227790211585232      
      15.0000000000000         95.0000000000000         66.0000000000000         185.000000000000    8 -0.99227789642832764      
      15.0000000000000         96.0000000000000         66.0000000000000         186.000000000000    8 -0.99227785777199673      
      15.0000000000000         97.0000000000000         66.0000000000000         187.000000000000    8 -0.99227788388766169      
      15.0000000000000         98.0000000000000         66.0000000000000         188.000000000000    8 -0.99227785580344652      
      15.0000000000000         99.0000000000000         66.0000000000000         189.000000000000    8 -0.99227788217772106      
      15.0000000000000         100.000000000000         66.0000000000000         190.000000000000    8 -0.99227787141032975      
