x y z l isd potential
     -71.0000000000000         25.0000000000000         66.0000000000000         9.00000000000000    8   2.8668176215644429E-008 
     -70.0000000000000         25.0000000000000         66.0000000000000         10.0000000000000    8   2.8996012012782145E-008 
     -69.0000000000000         25.0000000000000         66.0000000000000         11.0000000000000    8   2.9371781304875222E-008 
     -68.0000000000000         25.0000000000000         66.0000000000000         12.0000000000000    8   2.9786703497833300E-008 
     -67.0000000000000         25.0000000000000         66.0000000000000         13.0000000000000    8   3.0239481645056784E-008 
     -66.0000000000000         25.0000000000000         66.0000000000000         14.0000000000000    8   3.0731078804521056E-008 
     -65.0000000000000         25.0000000000000         66.0000000000000         15.0000000000000    8   3.1263317103744429E-008 
     -64.0000000000000         25.0000000000000         66.0000000000000         16.0000000000000    8   3.1837471919666377E-008 
     -63.0000000000000         25.0000000000000         66.0000000000000         17.0000000000000    8   3.2449265636698768E-008 
     -62.0000000000000         25.0000000000000         66.0000000000000         18.0000000000000    9   3.3034625249910368E-008 
     -61.0000000000000         25.0000000000000         66.0000000000000         19.0000000000000    9   3.3564557427910938E-008 
     -60.0000000000000         25.0000000000000         66.0000000000000         20.0000000000000    9   3.4085830176618093E-008 
     -59.0000000000000         25.0000000000000         66.0000000000000         21.0000000000000    9   3.4639602455085322E-008 
     -58.0000000000000         25.0000000000000         66.0000000000000         22.0000000000000    9   3.5237114543937298E-008 
     -57.0000000000000         25.0000000000000         66.0000000000000         23.0000000000000    9   3.5889561740250556E-008 
     -56.0000000000000         25.0000000000000         66.0000000000000         24.0000000000000    9   3.6620205984792820E-008 
     -55.0000000000000         25.0000000000000         66.0000000000000         25.0000000000000    5   3.6920782854610312E-008 
     -54.0000000000000         25.0000000000000         66.0000000000000         26.0000000000000    5   3.7082642989497497E-008 
     -53.0000000000000         25.0000000000000         66.0000000000000         27.0000000000000    4   3.7305898510772359E-008 
     -52.0000000000000         25.0000000000000         66.0000000000000         28.0000000000000    4   3.7157652797758026E-008 
     -51.0000000000000         25.0000000000000         66.0000000000000         29.0000000000000    4   3.7010660419853000E-008 
     -50.0000000000000         25.0000000000000         66.0000000000000         30.0000000000000    4   3.6883494901503167E-008 
     -49.0000000000000         25.0000000000000         66.0000000000000         31.0000000000000    4   3.6781401440864545E-008 
     -48.0000000000000         25.0000000000000         66.0000000000000         32.0000000000000    4   3.6706238318176890E-008 
     -47.0000000000000         25.0000000000000         66.0000000000000         33.0000000000000    4   3.6658999002852841E-008 
     -46.0000000000000         25.0000000000000         66.0000000000000         34.0000000000000    4   3.6640422883911158E-008 
     -45.0000000000000         25.0000000000000         66.0000000000000         35.0000000000000    4   3.6651136206284490E-008 
     -44.0000000000000         25.0000000000000         66.0000000000000         36.0000000000000    4   3.6691694361426150E-008 
     -43.0000000000000         25.0000000000000         66.0000000000000         37.0000000000000    4   3.6762614589232884E-008 
     -42.0000000000000         25.0000000000000         66.0000000000000         38.0000000000000    4   3.6864418065255325E-008 
     -41.0000000000000         25.0000000000000         66.0000000000000         39.0000000000000    4   3.6997685542604006E-008 
     -40.0000000000000         25.0000000000000         66.0000000000000         40.0000000000000    4   3.7163127943051766E-008 
     -39.0000000000000         25.0000000000000         66.0000000000000         41.0000000000000    4   3.7361671282373082E-008 
     -38.0000000000000         25.0000000000000         66.0000000000000         42.0000000000000    4   3.7594601271038336E-008 
     -37.0000000000000         25.0000000000000         66.0000000000000         43.0000000000000    4   3.7864770240916487E-008 
     -36.0000000000000         25.0000000000000         66.0000000000000         44.0000000000000    2   3.7808192708327013E-008 
     -35.0000000000000         25.0000000000000         66.0000000000000         45.0000000000000    2   3.8104935991918262E-008 
     -34.0000000000000         25.0000000000000         66.0000000000000         46.0000000000000    2   3.8398685234947161E-008 
     -33.0000000000000         25.0000000000000         66.0000000000000         47.0000000000000    2   3.8697969710838401E-008 
     -32.0000000000000         25.0000000000000         66.0000000000000         48.0000000000000    2   3.9005403248016518E-008 
     -31.0000000000000         25.0000000000000         66.0000000000000         49.0000000000000    2   3.9322577253175436E-008 
     -30.0000000000000         25.0000000000000         66.0000000000000         50.0000000000000    2   3.9650521049426277E-008 
     -29.0000000000000         25.0000000000000         66.0000000000000         51.0000000000000    2   3.9989619851198838E-008 
     -28.0000000000000         25.0000000000000         66.0000000000000         52.0000000000000    2   4.0339571068942481E-008 
     -27.0000000000000         25.0000000000000         66.0000000000000         53.0000000000000    2   4.0699395942181762E-008 
     -26.0000000000000         25.0000000000000         66.0000000000000         54.0000000000000    2   4.1067516359793999E-008 
     -25.0000000000000         25.0000000000000         66.0000000000000         55.0000000000000    2   4.1441887349948428E-008 
     -24.0000000000000         25.0000000000000         66.0000000000000         56.0000000000000    2   4.1820133553404151E-008 
     -23.0000000000000         25.0000000000000         66.0000000000000         57.0000000000000    2   4.2199644095753872E-008 
     -22.0000000000000         25.0000000000000         66.0000000000000         58.0000000000000    2   4.2577612318663027E-008 
     -21.0000000000000         25.0000000000000         66.0000000000000         59.0000000000000    2   4.2951029950114711E-008 
     -20.0000000000000         25.0000000000000         66.0000000000000         60.0000000000000    2   4.3316653149366030E-008 
     -19.0000000000000         25.0000000000000         66.0000000000000         61.0000000000000    2   4.3670955538442635E-008 
     -18.0000000000000         25.0000000000000         66.0000000000000         62.0000000000000    2   4.4010077732310748E-008 
     -17.0000000000000         25.0000000000000         66.0000000000000         63.0000000000000    2   4.4329778487763039E-008 
     -16.0000000000000         25.0000000000000         66.0000000000000         64.0000000000000    2   4.4625378590752024E-008 
     -15.0000000000000         25.0000000000000         66.0000000000000         65.0000000000000    2   4.4891620209781130E-008 
     -14.0000000000000         25.0000000000000         66.0000000000000         66.0000000000000    2   4.5122156141271658E-008 
     -13.0000000000000         25.0000000000000         66.0000000000000         67.0000000000000    2   4.5308036539584706E-008 
     -12.0000000000000         25.0000000000000         66.0000000000000         68.0000000000000    2   4.5433520858267212E-008 
     -11.0000000000000         25.0000000000000         66.0000000000000         69.0000000000000    4   4.5660312652812812E-008 
     -10.0000000000000         25.0000000000000         66.0000000000000         70.0000000000000    4   4.5726412371393382E-008 
     -9.00000000000000         25.0000000000000         66.0000000000000         71.0000000000000    4   4.5811806142874445E-008 
     -8.00000000000000         25.0000000000000         66.0000000000000         72.0000000000000    4   4.5915658103759527E-008 
     -7.00000000000000         25.0000000000000         66.0000000000000         73.0000000000000    4   4.6131183682046606E-008 
     -6.00000000000000         25.0000000000000         66.0000000000000         74.0000000000000    4   4.6569347992003046E-008 
     -5.00000000000000         25.0000000000000         66.0000000000000         75.0000000000000    4   4.7431213843693310E-008 
     -4.00000000000000         25.0000000000000         66.0000000000000         76.0000000000000    3   4.7656800778676095E-008 
     -3.00000000000000         25.0000000000000         66.0000000000000         77.0000000000000    3   4.7647441261174789E-008 
     -2.00000000000000         25.0000000000000         66.0000000000000         78.0000000000000    3   4.7668250922026922E-008 
     -1.00000000000000         25.0000000000000         66.0000000000000         79.0000000000000    3   4.7632615218003854E-008 
      0.00000000000000         25.0000000000000         66.0000000000000         80.0000000000000    3   4.7584833416051270E-008 
      1.00000000000000         25.0000000000000         66.0000000000000         81.0000000000000    3   4.7535034137635018E-008 
      2.00000000000000         25.0000000000000         66.0000000000000         82.0000000000000    4   4.8165667485694508E-008 
      3.00000000000000         25.0000000000000         66.0000000000000         83.0000000000000    4   4.8807840388655904E-008 
      4.00000000000000         25.0000000000000         66.0000000000000         84.0000000000000    4   4.9155951861896974E-008 
      5.00000000000000         25.0000000000000         66.0000000000000         85.0000000000000    4   4.9383028859727174E-008 
      6.00000000000000         25.0000000000000         66.0000000000000         86.0000000000000    4   4.9529535859401536E-008 
      7.00000000000000         25.0000000000000         66.0000000000000         87.0000000000000    4   4.9605602302910112E-008 
      8.00000000000000         25.0000000000000         66.0000000000000         88.0000000000000    4   4.9612607448939333E-008 
      9.00000000000000         25.0000000000000         66.0000000000000         89.0000000000000    4   4.9547402459527989E-008 
      10.0000000000000         25.0000000000000         66.0000000000000         90.0000000000000    4   4.9399917633093093E-008 
      11.0000000000000         25.0000000000000         66.0000000000000         91.0000000000000    4   4.9140088481842981E-008 
      12.0000000000000         25.0000000000000         66.0000000000000         92.0000000000000    4   4.8700048223705023E-008 
      13.0000000000000         25.0000000000000         66.0000000000000         93.0000000000000    4   4.7983900703946897E-008 
      14.0000000000000         25.0000000000000         66.0000000000000         94.0000000000000    3   4.7491456036004298E-008 
      15.0000000000000         25.0000000000000         66.0000000000000         95.0000000000000    3   4.7685634416844147E-008 
      16.0000000000000         25.0000000000000         66.0000000000000         96.0000000000000    3   4.7880804239421731E-008 
      17.0000000000000         25.0000000000000         66.0000000000000         97.0000000000000    3   4.8090861297540866E-008 
      18.0000000000000         25.0000000000000         66.0000000000000         98.0000000000000    3   4.8324838785966662E-008 
      19.0000000000000         25.0000000000000         66.0000000000000         99.0000000000000    4   4.8417431705843200E-008 
      20.0000000000000         25.0000000000000         66.0000000000000         100.000000000000    4   4.7447586637005407E-008 
      21.0000000000000         25.0000000000000         66.0000000000000         101.000000000000    4   4.6809722756366995E-008 
      22.0000000000000         25.0000000000000         66.0000000000000         102.000000000000    4   4.6422490693545648E-008 
      23.0000000000000         25.0000000000000         66.0000000000000         103.000000000000    4   4.6199099592355436E-008 
      24.0000000000000         25.0000000000000         66.0000000000000         104.000000000000    2   4.5829168337889470E-008 
      25.0000000000000         25.0000000000000         66.0000000000000         105.000000000000    2   4.5700954499905411E-008 
      26.0000000000000         25.0000000000000         66.0000000000000         106.000000000000    2   4.5548041953131363E-008 
      27.0000000000000         25.0000000000000         66.0000000000000         107.000000000000    2   4.5346617161354935E-008 
      28.0000000000000         25.0000000000000         66.0000000000000         108.000000000000    2   4.5091903495397129E-008 
      29.0000000000000         25.0000000000000         66.0000000000000         109.000000000000    2   4.4784226646988473E-008 
      30.0000000000000         25.0000000000000         66.0000000000000         110.000000000000    2   4.4425378777166596E-008 
      31.0000000000000         25.0000000000000         66.0000000000000         111.000000000000    2   4.4018306306816551E-008 
      32.0000000000000         25.0000000000000         66.0000000000000         112.000000000000    2   4.3568588706417721E-008 
      33.0000000000000         25.0000000000000         66.0000000000000         113.000000000000    2   4.3086089353012308E-008 
      34.0000000000000         25.0000000000000         66.0000000000000         114.000000000000    2   4.2576451101273421E-008 
      35.0000000000000         25.0000000000000         66.0000000000000         115.000000000000    4   4.1987639935649884E-008 
      36.0000000000000         25.0000000000000         66.0000000000000         116.000000000000    4   4.1279154637009763E-008 
      37.0000000000000         25.0000000000000         66.0000000000000         117.000000000000    4   4.0574659623902193E-008 
      38.0000000000000         25.0000000000000         66.0000000000000         118.000000000000    4   3.9860834719334520E-008 
      39.0000000000000         25.0000000000000         66.0000000000000         119.000000000000    4   3.9132312851502399E-008 
      40.0000000000000         25.0000000000000         66.0000000000000         120.000000000000    4   3.8388783117192932E-008 
      41.0000000000000         25.0000000000000         66.0000000000000         121.000000000000    4   3.7632012820591060E-008 
      42.0000000000000         25.0000000000000         66.0000000000000         122.000000000000    4   3.6864434701470300E-008 
      43.0000000000000         25.0000000000000         66.0000000000000         123.000000000000    4   3.6088735730702148E-008 
      44.0000000000000         25.0000000000000         66.0000000000000         124.000000000000    4   3.5307849361679994E-008 
      45.0000000000000         25.0000000000000         66.0000000000000         125.000000000000    4   3.4524859445286826E-008 
      46.0000000000000         25.0000000000000         66.0000000000000         126.000000000000    4   3.3742733148399429E-008 
      47.0000000000000         25.0000000000000         66.0000000000000         127.000000000000    4   3.2964067081878157E-008 
      48.0000000000000         25.0000000000000         66.0000000000000         128.000000000000    4   3.2190979049918911E-008 
      49.0000000000000         25.0000000000000         66.0000000000000         129.000000000000    4   3.1425146540531301E-008 
      50.0000000000000         25.0000000000000         66.0000000000000         130.000000000000    4   3.0667931879332228E-008 
      51.0000000000000         25.0000000000000         66.0000000000000         131.000000000000    4   2.9920521395568334E-008 
      52.0000000000000         25.0000000000000         66.0000000000000         132.000000000000    4   2.9184021488500023E-008 
      53.0000000000000         25.0000000000000         66.0000000000000         133.000000000000    4   2.8459488034000141E-008 
      54.0000000000000         25.0000000000000         66.0000000000000         134.000000000000    4   2.7747896682618622E-008 
      55.0000000000000         25.0000000000000         66.0000000000000         135.000000000000    4   2.7050077319994842E-008 
      56.0000000000000         25.0000000000000         66.0000000000000         136.000000000000    4   2.6366637252868419E-008 
      57.0000000000000         25.0000000000000         66.0000000000000         137.000000000000    4   2.5697891287146390E-008 
      58.0000000000000         25.0000000000000         66.0000000000000         138.000000000000    4   2.5043809014427265E-008 
      59.0000000000000         25.0000000000000         66.0000000000000         139.000000000000    4   2.4403984043210730E-008 
      60.0000000000000         25.0000000000000         66.0000000000000         140.000000000000    4   2.3777627293757736E-008 
      61.0000000000000         25.0000000000000         66.0000000000000         141.000000000000    4   2.3163590192644412E-008 
      62.0000000000000         25.0000000000000         66.0000000000000         142.000000000000    4   2.2560488666893003E-008 
      63.0000000000000         25.0000000000000         66.0000000000000         143.000000000000    4   2.1967835773552269E-008 
      64.0000000000000         25.0000000000000         66.0000000000000         144.000000000000    5   2.1382930721859303E-008 
      65.0000000000000         25.0000000000000         66.0000000000000         145.000000000000    5   2.1150662472086898E-008 
      66.0000000000000         25.0000000000000         66.0000000000000         146.000000000000    5   2.0910488486569623E-008 
      67.0000000000000         25.0000000000000         66.0000000000000         147.000000000000    9   2.0909533549485354E-008 
      68.0000000000000         25.0000000000000         66.0000000000000         148.000000000000    9   2.0644609733527775E-008 
      69.0000000000000         25.0000000000000         66.0000000000000         149.000000000000    9   2.0379811960626396E-008 
      70.0000000000000         25.0000000000000         66.0000000000000         150.000000000000    9   2.0124003023008763E-008 
      71.0000000000000         25.0000000000000         66.0000000000000         151.000000000000    9   1.9876578644497170E-008 
      72.0000000000000         25.0000000000000         66.0000000000000         152.000000000000    9   1.9634650307758308E-008 
      73.0000000000000         25.0000000000000         66.0000000000000         153.000000000000    9   1.9391981730468300E-008 
      74.0000000000000         25.0000000000000         66.0000000000000         154.000000000000    8   1.9205461530358639E-008 
      75.0000000000000         25.0000000000000         66.0000000000000         155.000000000000    8   1.8876215066715440E-008 
      76.0000000000000         25.0000000000000         66.0000000000000         156.000000000000    8   1.8562470367657763E-008 
      77.0000000000000         25.0000000000000         66.0000000000000         157.000000000000    8   1.8264889543092439E-008 
      78.0000000000000         25.0000000000000         66.0000000000000         158.000000000000    8   1.7982634423858654E-008 
      79.0000000000000         25.0000000000000         66.0000000000000         159.000000000000    8   1.7714644277074670E-008 
      80.0000000000000         25.0000000000000         66.0000000000000         160.000000000000    8   1.7460130430444615E-008 
      81.0000000000000         25.0000000000000         66.0000000000000         161.000000000000    8   1.7218878930764375E-008 
      82.0000000000000         25.0000000000000         66.0000000000000         162.000000000000    8   1.6991990676919894E-008 
      83.0000000000000         25.0000000000000         66.0000000000000         163.000000000000    8   1.6776488729903366E-008 
