x y z l isd potential
      15.0000000000000        -86.0000000000000         66.0000000000000         4.00000000000000    8   1.0921437819388924E-006 
      15.0000000000000        -85.0000000000000         66.0000000000000         5.00000000000000    8   1.1022997903342713E-006 
      15.0000000000000        -84.0000000000000         66.0000000000000         6.00000000000000    8   1.1218982919614096E-006 
      15.0000000000000        -83.0000000000000         66.0000000000000         7.00000000000000    8   1.1520071727944003E-006 
      15.0000000000000        -82.0000000000000         66.0000000000000         8.00000000000000    8   1.1935944064234150E-006 
      15.0000000000000        -81.0000000000000         66.0000000000000         9.00000000000000    8   1.2475586460558574E-006 
      15.0000000000000        -80.0000000000000         66.0000000000000         10.0000000000000    8   1.3147591070572506E-006 
      15.0000000000000        -79.0000000000000         66.0000000000000         11.0000000000000    8   1.3960570648396953E-006 
      15.0000000000000        -78.0000000000000         66.0000000000000         12.0000000000000    8   1.4923149053575058E-006 
      15.0000000000000        -77.0000000000000         66.0000000000000         13.0000000000000    8   1.6001113973818093E-006 
      15.0000000000000        -76.0000000000000         66.0000000000000         14.0000000000000    9   1.6826887164894666E-006 
      15.0000000000000        -75.0000000000000         66.0000000000000         15.0000000000000    9   1.7655027223645314E-006 
      15.0000000000000        -74.0000000000000         66.0000000000000         16.0000000000000    9   1.8605149350037209E-006 
      15.0000000000000        -73.0000000000000         66.0000000000000         17.0000000000000    9   1.9690010052419993E-006 
      15.0000000000000        -72.0000000000000         66.0000000000000         18.0000000000000    9   2.0926549889749291E-006 
      15.0000000000000        -71.0000000000000         66.0000000000000         19.0000000000000    9   2.2342287500504154E-006 
      15.0000000000000        -70.0000000000000         66.0000000000000         20.0000000000000    5   2.3710965284251539E-006 
      15.0000000000000        -69.0000000000000         66.0000000000000         21.0000000000000    5   2.2989558473712757E-006 
      15.0000000000000        -68.0000000000000         66.0000000000000         22.0000000000000    5   2.2298402102827186E-006 
      15.0000000000000        -67.0000000000000         66.0000000000000         23.0000000000000    5   2.1619596810296127E-006 
      15.0000000000000        -66.0000000000000         66.0000000000000         24.0000000000000    4   2.0959109216789340E-006 
      15.0000000000000        -65.0000000000000         66.0000000000000         25.0000000000000    4   1.9982193448786489E-006 
      15.0000000000000        -64.0000000000000         66.0000000000000         26.0000000000000    4   1.9019179728352320E-006 
      15.0000000000000        -63.0000000000000         66.0000000000000         27.0000000000000    4   1.8078143774885591E-006 
      15.0000000000000        -62.0000000000000         66.0000000000000         28.0000000000000    4   1.7159077508877019E-006 
      15.0000000000000        -61.0000000000000         66.0000000000000         29.0000000000000    4   1.6262267360234173E-006 
      15.0000000000000        -60.0000000000000         66.0000000000000         30.0000000000000    4   1.5388417315131964E-006 
      15.0000000000000        -59.0000000000000         66.0000000000000         31.0000000000000    4   1.4538371721078969E-006 
      15.0000000000000        -58.0000000000000         66.0000000000000         32.0000000000000    4   1.3712966830808915E-006 
      15.0000000000000        -57.0000000000000         66.0000000000000         33.0000000000000    4   1.2912970710834970E-006 
      15.0000000000000        -56.0000000000000         66.0000000000000         34.0000000000000    4   1.2139061647056804E-006 
      15.0000000000000        -55.0000000000000         66.0000000000000         35.0000000000000    4   1.1391821641906774E-006 
      15.0000000000000        -54.0000000000000         66.0000000000000         36.0000000000000    4   1.0671735495085266E-006 
      15.0000000000000        -53.0000000000000         66.0000000000000         37.0000000000000    4   9.9791914503349899E-007 
      15.0000000000000        -52.0000000000000         66.0000000000000         38.0000000000000    4   9.3144813343576383E-007 
      15.0000000000000        -51.0000000000000         66.0000000000000         39.0000000000000    4   8.6777988389519223E-007 
      15.0000000000000        -50.0000000000000         66.0000000000000         40.0000000000000    4   8.0692351657474237E-007 
      15.0000000000000        -49.0000000000000         66.0000000000000         41.0000000000000    4   7.4887721076416502E-007 
      15.0000000000000        -48.0000000000000         66.0000000000000         42.0000000000000    4   6.9362738983058669E-007 
      15.0000000000000        -47.0000000000000         66.0000000000000         43.0000000000000    4   6.4114804398940350E-007 
      15.0000000000000        -46.0000000000000         66.0000000000000         44.0000000000000    4   5.9140050501227392E-007 
      15.0000000000000        -45.0000000000000         66.0000000000000         45.0000000000000    4   5.4433392900413158E-007 
      15.0000000000000        -44.0000000000000         66.0000000000000         46.0000000000000    4   4.9988662773406412E-007 
      15.0000000000000        -43.0000000000000         66.0000000000000         47.0000000000000    4   4.5798823263346056E-007 
      15.0000000000000        -42.0000000000000         66.0000000000000         48.0000000000000    4   4.1856234168913264E-007 
      15.0000000000000        -41.0000000000000         66.0000000000000         49.0000000000000    4   3.8152888975559462E-007 
      15.0000000000000        -40.0000000000000         66.0000000000000         50.0000000000000    4   3.4680562483943578E-007 
      15.0000000000000        -39.0000000000000         66.0000000000000         51.0000000000000    4   3.1430894789630237E-007 
      15.0000000000000        -38.0000000000000         66.0000000000000         52.0000000000000    4   2.8395488604546215E-007 
      15.0000000000000        -37.0000000000000         66.0000000000000         53.0000000000000    4   2.5566023879181055E-007 
      15.0000000000000        -36.0000000000000         66.0000000000000         54.0000000000000    4   2.2934296318825875E-007 
      15.0000000000000        -35.0000000000000         66.0000000000000         55.0000000000000    4   2.0492094024784913E-007 
      15.0000000000000        -34.0000000000000         66.0000000000000         56.0000000000000    4   1.8230984331554789E-007 
      15.0000000000000        -33.0000000000000         66.0000000000000         57.0000000000000    4   1.6142321890809386E-007 
      15.0000000000000        -32.0000000000000         66.0000000000000         58.0000000000000    4   1.4217666281096664E-007 
      15.0000000000000        -31.0000000000000         66.0000000000000         59.0000000000000    4   1.2449208817641444E-007 
      15.0000000000000        -30.0000000000000         66.0000000000000         60.0000000000000    4   1.0829319817620697E-007 
      15.0000000000000        -29.0000000000000         66.0000000000000         61.0000000000000    4   9.3498241628131584E-008 
      15.0000000000000        -28.0000000000000         66.0000000000000         62.0000000000000    2   8.0310322323785821E-008 
      15.0000000000000        -27.0000000000000         66.0000000000000         63.0000000000000    2   6.8879009873339114E-008 
      15.0000000000000        -26.0000000000000         66.0000000000000         64.0000000000000    2   5.8583564923643527E-008 
      15.0000000000000        -25.0000000000000         66.0000000000000         65.0000000000000    2   4.9323691676990411E-008 
      15.0000000000000        -24.0000000000000         66.0000000000000         66.0000000000000    2   4.1041916772673742E-008 
      15.0000000000000        -23.0000000000000         66.0000000000000         67.0000000000000    2   3.3684245783708461E-008 
      15.0000000000000        -22.0000000000000         66.0000000000000         68.0000000000000    2   2.7197488256750640E-008 
      15.0000000000000        -21.0000000000000         66.0000000000000         69.0000000000000    2   2.1531191067916677E-008 
      15.0000000000000        -20.0000000000000         66.0000000000000         70.0000000000000    2   1.6637756208338905E-008 
      15.0000000000000        -19.0000000000000         66.0000000000000         71.0000000000000    2   1.2473392845295181E-008 
      15.0000000000000        -18.0000000000000         66.0000000000000         72.0000000000000    4   8.5941083383892641E-009 
      15.0000000000000        -17.0000000000000         66.0000000000000         73.0000000000000    4   5.6196472792043040E-009 
      15.0000000000000        -16.0000000000000         66.0000000000000         74.0000000000000    4   3.2877592244821494E-009 
      15.0000000000000        -15.0000000000000         66.0000000000000         75.0000000000000    4   1.5908636349449071E-009 
      15.0000000000000        -14.0000000000000         66.0000000000000         76.0000000000000    4   5.1133923462641506E-010 
      15.0000000000000        -13.0000000000000         66.0000000000000         77.0000000000000    4   3.0373878705160923E-011 
      15.0000000000000        -12.0000000000000         66.0000000000000         78.0000000000000    4   1.3054102116221052E-010 
      15.0000000000000        -11.0000000000000         66.0000000000000         79.0000000000000    4   7.9276147064576315E-010 
      15.0000000000000        -10.0000000000000         66.0000000000000         80.0000000000000    4   1.9820442201631578E-009 
      15.0000000000000        -9.00000000000000         66.0000000000000         81.0000000000000    4   3.6342133520961078E-009 
      15.0000000000000        -8.00000000000000         66.0000000000000         82.0000000000000    4   5.6866565316205162E-009 
      15.0000000000000        -7.00000000000000         66.0000000000000         83.0000000000000    3   7.2588708205081144E-009 
      15.0000000000000        -6.00000000000000         66.0000000000000         84.0000000000000    3   8.5198024897786395E-009 
      15.0000000000000        -5.00000000000000         66.0000000000000         85.0000000000000    3   9.8975281074783518E-009 
      15.0000000000000        -4.00000000000000         66.0000000000000         86.0000000000000    3   1.1364697186685806E-008 
      15.0000000000000        -3.00000000000000         66.0000000000000         87.0000000000000    3   1.2922972536356741E-008 
      15.0000000000000        -2.00000000000000         66.0000000000000         88.0000000000000    3   1.4598811880184824E-008 
      15.0000000000000         0.00000000000000         66.0000000000000         90.0000000000000    4   1.7940765419474257E-008 
      15.0000000000000         1.00000000000000         66.0000000000000         91.0000000000000    4   1.9549034027579581E-008 
      15.0000000000000         2.00000000000000         66.0000000000000         92.0000000000000    4   2.1095896585979126E-008 
      15.0000000000000         3.00000000000000         66.0000000000000         93.0000000000000    4   2.2702829608985987E-008 
      15.0000000000000         4.00000000000000         66.0000000000000         94.0000000000000    4   2.4174508839994082E-008 
      15.0000000000000         5.00000000000000         66.0000000000000         95.0000000000000    4   2.5537861123654977E-008 
      15.0000000000000         6.00000000000000         66.0000000000000         96.0000000000000    4   2.6797618672149380E-008 
      15.0000000000000         7.00000000000000         66.0000000000000         97.0000000000000    3   2.8751499920784927E-008 
      15.0000000000000         8.00000000000000         66.0000000000000         98.0000000000000    4   2.9740015805926334E-008 
      15.0000000000000         9.00000000000000         66.0000000000000         99.0000000000000    4   3.1579792553648907E-008 
      15.0000000000000         10.0000000000000         66.0000000000000         100.000000000000    4   3.3163099154819020E-008 
      15.0000000000000         11.0000000000000         66.0000000000000         101.000000000000    4   3.4600370387187149E-008 
      15.0000000000000         12.0000000000000         66.0000000000000         102.000000000000    4   3.6156396375367286E-008 
      15.0000000000000         13.0000000000000         66.0000000000000         103.000000000000    4   3.7902641801404804E-008 
      15.0000000000000         14.0000000000000         66.0000000000000         104.000000000000    4   3.9547064785254438E-008 
      15.0000000000000         15.0000000000000         66.0000000000000         105.000000000000    4   4.1161209725143130E-008 
      15.0000000000000         16.0000000000000         66.0000000000000         106.000000000000    4   4.2843088308161872E-008 
      15.0000000000000         17.0000000000000         66.0000000000000         107.000000000000    3   4.3979982816385113E-008 
      15.0000000000000         18.0000000000000         66.0000000000000         108.000000000000    3   4.4991417496968722E-008 
      15.0000000000000         19.0000000000000         66.0000000000000         109.000000000000    3   4.5934807714042430E-008 
      15.0000000000000         20.0000000000000         66.0000000000000         110.000000000000    3   4.6723109820359654E-008 
      15.0000000000000         21.0000000000000         66.0000000000000         111.000000000000    3   4.7229548995244425E-008 
      15.0000000000000         22.0000000000000         66.0000000000000         112.000000000000    3   4.7532877413616892E-008 
      15.0000000000000         23.0000000000000         66.0000000000000         113.000000000000    3   4.7686639815733289E-008 
      15.0000000000000         24.0000000000000         66.0000000000000         114.000000000000    3   4.7730241956728259E-008 
      15.0000000000000         25.0000000000000         66.0000000000000         115.000000000000    3   4.7685634416844147E-008 
      15.0000000000000         26.0000000000000         66.0000000000000         116.000000000000    3   4.7576011139374708E-008 
      15.0000000000000         27.0000000000000         66.0000000000000         117.000000000000    3   4.7397093829153886E-008 
      15.0000000000000         28.0000000000000         66.0000000000000         118.000000000000    3   4.7015248594468873E-008 
      15.0000000000000         29.0000000000000         66.0000000000000         119.000000000000    4   4.7904060714292623E-008 
      15.0000000000000         30.0000000000000         66.0000000000000         120.000000000000    4   4.8493632012758248E-008 
      15.0000000000000         31.0000000000000         66.0000000000000         121.000000000000    4   4.9044667931909258E-008 
      15.0000000000000         32.0000000000000         66.0000000000000         122.000000000000    4   4.9561406922915552E-008 
      15.0000000000000         33.0000000000000         66.0000000000000         123.000000000000    4   5.0022286170008090E-008 
      15.0000000000000         34.0000000000000         66.0000000000000         124.000000000000    4   5.0455864267044681E-008 
      15.0000000000000         35.0000000000000         66.0000000000000         125.000000000000    4   5.0942113531855793E-008 
      15.0000000000000         36.0000000000000         66.0000000000000         126.000000000000    4   5.1466570309341431E-008 
      15.0000000000000         37.0000000000000         66.0000000000000         127.000000000000    4   5.1873194016702900E-008 
      15.0000000000000         38.0000000000000         66.0000000000000         128.000000000000    2   5.1389192921424270E-008 
      15.0000000000000         39.0000000000000         66.0000000000000         129.000000000000    2   5.1726205799965813E-008 
      15.0000000000000         40.0000000000000         66.0000000000000         130.000000000000    4   5.1628502487945094E-008 
      15.0000000000000         41.0000000000000         66.0000000000000         131.000000000000    4   5.1968326908284623E-008 
      15.0000000000000         42.0000000000000         66.0000000000000         132.000000000000    4   5.1787819178861216E-008 
      15.0000000000000         43.0000000000000         66.0000000000000         133.000000000000    4   5.1507928593760161E-008 
      15.0000000000000         44.0000000000000         66.0000000000000         134.000000000000    4   5.1202408669730193E-008 
      15.0000000000000         45.0000000000000         66.0000000000000         135.000000000000    4   5.0865746505004278E-008 
      15.0000000000000         46.0000000000000         66.0000000000000         136.000000000000    4   5.0488656057161296E-008 
      15.0000000000000         47.0000000000000         66.0000000000000         137.000000000000    4   5.0064672331862764E-008 
      15.0000000000000         48.0000000000000         66.0000000000000         138.000000000000    4   4.9596496518641148E-008 
      15.0000000000000         49.0000000000000         66.0000000000000         139.000000000000    4   4.9092633238115302E-008 
      15.0000000000000         50.0000000000000         66.0000000000000         140.000000000000    4   4.8561334134444856E-008 
      15.0000000000000         51.0000000000000         66.0000000000000         141.000000000000    4   4.8008893084941495E-008 
      15.0000000000000         52.0000000000000         66.0000000000000         142.000000000000    4   4.7439831481112943E-008 
      15.0000000000000         53.0000000000000         66.0000000000000         143.000000000000    4   4.6857306226083528E-008 
      15.0000000000000         54.0000000000000         66.0000000000000         144.000000000000    4   4.6263618807412810E-008 
      15.0000000000000         55.0000000000000         66.0000000000000         145.000000000000    4   4.5660694547415559E-008 
      15.0000000000000         56.0000000000000         66.0000000000000         146.000000000000    4   4.5050300582875902E-008 
      15.0000000000000         57.0000000000000         66.0000000000000         147.000000000000    4   4.4434018945174736E-008 
      15.0000000000000         58.0000000000000         66.0000000000000         148.000000000000    4   4.3813210124157842E-008 
      15.0000000000000         59.0000000000000         66.0000000000000         149.000000000000    4   4.3189106842082825E-008 
      15.0000000000000         60.0000000000000         66.0000000000000         150.000000000000    4   4.2562958778996629E-008 
      15.0000000000000         61.0000000000000         66.0000000000000         151.000000000000    4   4.1936091478740611E-008 
      15.0000000000000         62.0000000000000         66.0000000000000         152.000000000000    4   4.1309847390036403E-008 
      15.0000000000000         63.0000000000000         66.0000000000000         153.000000000000    4   4.0685480985104550E-008 
      15.0000000000000         64.0000000000000         66.0000000000000         154.000000000000    4   4.0064082927095124E-008 
      15.0000000000000         65.0000000000000         66.0000000000000         155.000000000000    4   3.9446555269613548E-008 
      15.0000000000000         66.0000000000000         66.0000000000000         156.000000000000    4   3.8833623532130712E-008 
      15.0000000000000         67.0000000000000         66.0000000000000         157.000000000000    4   3.8225862986247805E-008 
      15.0000000000000         68.0000000000000         66.0000000000000         158.000000000000    4   3.7623716333395896E-008 
      15.0000000000000         69.0000000000000         66.0000000000000         159.000000000000    4   3.7027487830194883E-008 
      15.0000000000000         70.0000000000000         66.0000000000000         160.000000000000    4   3.6437323501330166E-008 
      15.0000000000000         71.0000000000000         66.0000000000000         161.000000000000    4   3.5853205018580858E-008 
      15.0000000000000         72.0000000000000         66.0000000000000         162.000000000000    4   3.5274964196169156E-008 
      15.0000000000000         73.0000000000000         66.0000000000000         163.000000000000    4   3.4702291096255777E-008 
      15.0000000000000         74.0000000000000         66.0000000000000         164.000000000000    4   3.4134715847303210E-008 
      15.0000000000000         75.0000000000000         66.0000000000000         165.000000000000    4   3.3571587107483758E-008 
      15.0000000000000         76.0000000000000         66.0000000000000         166.000000000000    4   3.3012087632955378E-008 
      15.0000000000000         77.0000000000000         66.0000000000000         167.000000000000    4   3.2455301655388846E-008 
      15.0000000000000         78.0000000000000         66.0000000000000         168.000000000000    4   3.1900322168543216E-008 
      15.0000000000000         79.0000000000000         66.0000000000000         169.000000000000    4   3.1346386949668292E-008 
      15.0000000000000         80.0000000000000         66.0000000000000         170.000000000000    4   3.0793042509955071E-008 
      15.0000000000000         81.0000000000000         66.0000000000000         171.000000000000    4   3.0240334073644570E-008 
      15.0000000000000         82.0000000000000         66.0000000000000         172.000000000000    4   2.9689137343025251E-008 
      15.0000000000000         83.0000000000000         66.0000000000000         173.000000000000    4   2.9142821290732701E-008 
      15.0000000000000         84.0000000000000         66.0000000000000         174.000000000000    5   2.8341262169571946E-008 
      15.0000000000000         85.0000000000000         66.0000000000000         175.000000000000    5   2.8107638252485023E-008 
      15.0000000000000         86.0000000000000         66.0000000000000         176.000000000000    5   2.7894257198339545E-008 
      15.0000000000000         87.0000000000000         66.0000000000000         177.000000000000    9   2.7562322884103208E-008 
      15.0000000000000         88.0000000000000         66.0000000000000         178.000000000000    9   2.7653483654875577E-008 
      15.0000000000000         89.0000000000000         66.0000000000000         179.000000000000    9   2.7698683253279954E-008 
      15.0000000000000         90.0000000000000         66.0000000000000         180.000000000000    9   2.7707446752754661E-008 
      15.0000000000000         91.0000000000000         66.0000000000000         181.000000000000    9   2.7685258742644880E-008 
      15.0000000000000         92.0000000000000         66.0000000000000         182.000000000000    9   2.7634634936282709E-008 
      15.0000000000000         93.0000000000000         66.0000000000000         183.000000000000    9   2.7522012604683233E-008 
      15.0000000000000         94.0000000000000         66.0000000000000         184.000000000000    8   2.7530514863476074E-008 
      15.0000000000000         95.0000000000000         66.0000000000000         185.000000000000    8   2.7489441474862208E-008 
      15.0000000000000         96.0000000000000         66.0000000000000         186.000000000000    8   2.7435345383540477E-008 
      15.0000000000000         97.0000000000000         66.0000000000000         187.000000000000    8   2.7364460545610536E-008 
      15.0000000000000         98.0000000000000         66.0000000000000         188.000000000000    8   2.7274042762107098E-008 
      15.0000000000000         99.0000000000000         66.0000000000000         189.000000000000    8   2.7161781540954721E-008 
      15.0000000000000         100.000000000000         66.0000000000000         190.000000000000    8   2.7024932034401539E-008 
